Row	Column	Strain	Info	Normalization_group
1	1	YLR149C_S288C_02_01_01		1
1	2	YOR288C_S288C_02_01_02		1
1	3	YKL063C_S288C_02_01_03		1
1	4	YLR353W_S288C_02_01_04		1
1	5	YLR150W_S288C_02_01_05		1
1	6	YJL218W_S288C_02_01_06		1
1	7	YKL064W_S288C_02_01_07		1
1	8	YLR354C_S288C_02_01_08		1
1	9	YLR151C_S288C_02_01_09		1
1	10	YJL217W_S288C_02_01_10		1
1	11	YKL065C_S288C_02_01_11		1
1	12	YLR356W_S288C_02_01_12		1
1	13	YLR152C_S288C_02_01_13		1
1	14	YJL216C_S288C_02_01_14		1
1	15	YKL066W_S288C_02_01_15		1
1	16	YLR357W_S288C_02_01_16		1
1	17	YLR154C_S288C_02_01_17		1
1	18	YJL215C_S288C_02_01_18		1
1	19	YKL067W_S288C_02_01_19		1
1	20	YLR360W_S288C_02_01_20		1
1	21	YLR164W_S288C_02_01_21		1
1	22	YJL214W_S288C_02_01_22		1
1	23	YKL068W_S288C_02_01_23		1
1	24	YLR362W_S288C_02_01_24		1
1	25	YLR165C_S288C_02_01_25		1
1	26	YJL212C_S288C_02_01_26		1
1	27	YKL069W_S288C_02_01_27		1
1	28	YLR363C_S288C_02_01_28		1
1	29	YLR168C_S288C_02_01_29		1
1	30	YJL210W_S288C_02_01_30		1
1	31	YKL070W_S288C_02_01_31		1
1	32	YLR364W_S288C_02_01_32		1
1	33	YLR169W_S288C_02_01_33		1
1	34	YJL211C_S288C_02_01_34		1
1	35	YKL071W_S288C_02_01_35		1
1	36	YLR365W_S288C_02_01_36		1
1	37	YLR170C_S288C_02_01_37		1
1	38	YJL209W_S288C_02_01_38		1
1	39	YKL072W_S288C_02_01_39		1
1	40	YLR366W_S288C_02_01_40		1
1	41	YLR171W_S288C_02_01_41		1
1	42	YJL208C_S288C_02_01_42		1
1	43	YKL073W_S288C_02_01_43		1
1	44	YLR367W_S288C_02_01_44		1
1	45	YLR172C_S288C_02_01_45		1
1	46	YJL207C_S288C_02_01_46		1
1	47	YKL074C_S288C_02_01_47		1
1	48	YLR368W_S288C_02_01_48		1
2	1	YPL066W_S288C_02_02_01		1
2	2	YNL177C_S288C_02_02_02		1
2	3	YPR164W_S288C_02_02_03		1
2	4	YDR260C_S288C_02_02_04		1
2	5	YPL065W_S288C_02_02_05		1
2	6	YNL176C_S288C_02_02_06		1
2	7	YPR166C_S288C_02_02_07		1
2	8	YDR261C_S288C_02_02_08		1
2	9	YPL064C_S288C_02_02_09		1
2	10	YNL175C_S288C_02_02_10		1
2	11	YPR167C_S288C_02_02_11		1
2	12	YDR262W_S288C_02_02_12		1
2	13	YPL062W_S288C_02_02_13		1
2	14	YNL173C_S288C_02_02_14		1
2	15	YPR170C_S288C_02_02_15		1
2	16	YDR263C_S288C_02_02_16		1
2	17	YPL061W_S288C_02_02_17		1
2	18	YNL170W_S288C_02_02_18		1
2	19	YPR171W_S288C_02_02_19		1
2	20	YDR264C_S288C_02_02_20		1
2	21	YPL060W_S288C_02_02_21		1
2	22	YNL171C_S288C_02_02_22		1
2	23	YPR172W_S288C_02_02_23		1
2	24	YDR265W_S288C_02_02_24		1
2	25	YPL058C_S288C_02_02_25		1
2	26	YNL169C_S288C_02_02_26		1
2	27	YPR173C_S288C_02_02_27		1
2	28	YDR266C_S288C_02_02_28		1
2	29	YPL057C_S288C_02_02_29		1
2	30	YNL168C_S288C_02_02_30		1
2	31	YPR174C_S288C_02_02_31		1
2	32	YDR269C_S288C_02_02_32		1
2	33	YPL056C_S288C_02_02_33		1
2	34	YNL167C_S288C_02_02_34		1
2	35	YPR179C_S288C_02_02_35		1
2	36	YDR270W_S288C_02_02_36		1
2	37	YPL055C_S288C_02_02_37		1
2	38	YNL166C_S288C_02_02_38		1
2	39	YPR184W_S288C_02_02_39		1
2	40	YDR271C_S288C_02_02_40		1
2	41	YPL054W_S288C_02_02_41		1
2	42	YNL165W_S288C_02_02_42		1
2	43	YPR185W_S288C_02_02_43		1
2	44	YDR272W_S288C_02_02_44		1
2	45	YPL053C_S288C_02_02_45		1
2	46	YNL164C_S288C_02_02_46		1
2	47	YPR188C_S288C_02_02_47		1
2	48	YDR273W_S288C_02_02_48		1
3	1	YKL184W_S288C_02_03_01		1
3	2	YLR292C_S288C_02_03_02		1
3	3	YOR138C_S288C_02_03_03		1
3	4	YGL199C_S288C_02_03_04		1
3	5	YKL185W_S288C_02_03_05		1
3	6	YLR294C_S288C_02_03_06		1
3	7	YOR139C_S288C_02_03_07		1
3	8	YGL200C_S288C_02_03_08		1
3	9	YKL187C_S288C_02_03_09		1
3	10	YLR295C_S288C_02_03_10		1
3	11	YOR140W_S288C_02_03_11		1
3	12	YGL202W_S288C_02_03_12		1
3	13	YKL188C_S288C_02_03_13		1
3	14	YLR296W_S288C_02_03_14		1
3	15	YOR141C_S288C_02_03_15		1
3	16	YGL203C_S288C_02_03_16		1
3	17	YKL190W_S288C_02_03_17		1
3	18	YLR297W_S288C_02_03_18		1
3	19	YOR142W_S288C_02_03_19		1
3	20	YGL205W_S288C_02_03_20		1
3	21	YGR027C_S288C_02_03_21		1
3	22	YLR299W_S288C_02_03_22		1
3	23	YOR144C_S288C_02_03_23		1
3	24	YGL208W_S288C_02_03_24		1
3	25	YGR031W_S288C_02_03_25		1
3	26	YLR300W_S288C_02_03_26		1
3	27	YOR152C_S288C_02_03_27		1
3	28	YGL209W_S288C_02_03_28		1
3	29	YGR033C_S288C_02_03_29		1
3	30	YLR303W_S288C_02_03_30		1
3	31	YOR153W_S288C_02_03_31		1
3	32	YGL210W_S288C_02_03_32		1
3	33	YGR034W_S288C_02_03_33		1
3	34	YLR304C_S288C_02_03_34		1
3	35	YOR154W_S288C_02_03_35		1
3	36	YGL211W_S288C_02_03_36		1
3	37	YGR035C_S288C_02_03_37		1
3	38	YLR306W_S288C_02_03_38		1
3	39	YOR155C_S288C_02_03_39		1
3	40	YGL212W_S288C_02_03_40		1
3	41	YGR036C_S288C_02_03_41		1
3	42	YLR307W_S288C_02_03_42		1
3	43	YOR156C_S288C_02_03_43		1
3	44	YGL213C_S288C_02_03_44		1
3	45	YGR037C_S288C_02_03_45		1
3	46	YLR308W_S288C_02_03_46		1
3	47	YOR161C_S288C_02_03_47		1
3	48	YGL214W_S288C_02_03_48		1
4	1	YOL152W_S288C_02_04_01		1
4	2	YIL076W_S288C_02_04_02		1
4	3	YPL194W_S288C_02_04_03		1
4	4	YGR281W_S288C_02_04_04		1
4	5	YBL003C_S288C_02_04_05		1
4	6	YIL077C_S288C_02_04_06		1
4	7	YGL031C_S288C_02_04_07		1
4	8	YGR282C_S288C_02_04_08		1
4	9	YBL005W_S288C_02_04_09		1
4	10	YIL079C_S288C_02_04_10		1
4	11	YGL032C_S288C_02_04_11		1
4	12	YGR283C_S288C_02_04_12		1
4	13	YBL006C_S288C_02_04_13		1
4	14	YIL084C_S288C_02_04_14		1
4	15	YGL033W_S288C_02_04_15		1
4	16	YGR284C_S288C_02_04_16		1
4	17	YBL007C_S288C_02_04_17		1
4	18	YIL086C_S288C_02_04_18		1
4	19	YGL034C_S288C_02_04_19		1
4	20	YGR285C_S288C_02_04_20		1
4	21	YBL008W_S288C_02_04_21		1
4	22	YIL087C_S288C_02_04_22		1
4	23	YGL035C_S288C_02_04_23		1
4	24	YGR286C_S288C_02_04_24		1
4	25	YBL009W_S288C_02_04_25		1
4	26	YIL088C_S288C_02_04_26		1
4	27	YGL036W_S288C_02_04_27		1
4	28	YGR287C_S288C_02_04_28		1
4	29	YBL010C_S288C_02_04_29		1
4	30	YIL090W_S288C_02_04_30		1
4	31	YGL037C_S288C_02_04_31		1
4	32	YGR288W_S288C_02_04_32		1
4	33	YBL011W_S288C_02_04_33		1
4	34	YIL093C_S288C_02_04_34		1
4	35	YGL039W_S288C_02_04_35		1
4	36	YGR290W_S288C_02_04_36		1
4	37	YBL012C_S288C_02_04_37		1
4	38	YIL095W_S288C_02_04_38		1
4	39	YGL041C_S288C_02_04_39		1
4	40	YHR021W-A_S288C_02_04_40		1
4	41	YBL013W_S288C_02_04_41		1
4	42	YIL096C_S288C_02_04_42		1
4	43	YGL042C_S288C_02_04_43		1
4	44	YHR039C-B_S288C_02_04_44		1
4	45	YBL015W_S288C_02_04_45		1
4	46	YIL097W_S288C_02_04_46		1
4	47	YGL043W_S288C_02_04_47		1
4	48	YHR079C-B_S288C_02_04_48		1
5	1	YLR173W_S288C_02_05_01		1
5	2	YJL206C_S288C_02_05_02		1
5	3	YKL075C_S288C_02_05_03		1
5	4	YLR371W_S288C_02_05_04		1
5	5	YLR174W_S288C_02_05_05		1
5	6	YJL206C-A_S288C_02_05_06		1
5	7	YKL076C_S288C_02_05_07		1
5	8	YLR372W_S288C_02_05_08		1
5	9	YLR176C_S288C_02_05_09		1
5	10	YJL204C_S288C_02_05_10		1
5	11	YKL077W_S288C_02_05_11		1
5	12	YLR373C_S288C_02_05_12		1
5	13	YLR177W_S288C_02_05_13		1
5	14	YJL201W_S288C_02_05_14		1
5	15	YKL079W_S288C_02_05_15		1
5	16	YLR374C_S288C_02_05_16		1
5	17	WT_S288C_02_05_17		1
5	18	YJL200C_S288C_02_05_18		1
5	19	YKL080W_S288C_02_05_19		1
5	20	YLR375W_S288C_02_05_20		1
5	21	YLR178C_S288C_02_05_21		1
5	22	YJL199C_S288C_02_05_22		1
5	23	WT_S288C_02_05_23		1
5	24	YLR376C_S288C_02_05_24		1
5	25	YLR179C_S288C_02_05_25		1
5	26	YJL198W_S288C_02_05_26		1
5	27	YKL081W_S288C_02_05_27		1
5	28	YLR377C_S288C_02_05_28		1
5	29	YLR180W_S288C_02_05_29		1
5	30	YJL197W_S288C_02_05_30		1
5	31	YKL084W_S288C_02_05_31		1
5	32	YLR380W_S288C_02_05_32		1
5	33	YLR181C_S288C_02_05_33		1
5	34	WT_S288C_02_05_34		1
5	35	YKL085W_S288C_02_05_35		1
5	36	YLR381W_S288C_02_05_36		1
5	37	YLR182W_S288C_02_05_37		1
5	38	YJL196C_S288C_02_05_38		1
5	39	YKL086W_S288C_02_05_39		1
5	40	WT_S288C_02_05_40		1
5	41	YLR183C_S288C_02_05_41		1
5	42	YJL193W_S288C_02_05_42		1
5	43	YKL087C_S288C_02_05_43		1
5	44	YLR384C_S288C_02_05_44		1
5	45	YLR184W_S288C_02_05_45		1
5	46	YJL192C_S288C_02_05_46		1
5	47	YKL090W_S288C_02_05_47		1
5	48	YLR385C_S288C_02_05_48		1
6	1	YPL052W_S288C_02_06_01		1
6	2	YNL162W_S288C_02_06_02		1
6	3	YPR189W_S288C_02_06_03		1
6	4	YDR274C_S288C_02_06_04		1
6	5	YPL051W_S288C_02_06_05		1
6	6	YNL160W_S288C_02_06_06		1
6	7	YPR191W_S288C_02_06_07		1
6	8	YDR275W_S288C_02_06_08		1
6	9	YPL049C_S288C_02_06_09		1
6	10	YNL159C_S288C_02_06_10		1
6	11	YPR192W_S288C_02_06_11		1
6	12	YDR276C_S288C_02_06_12		1
6	13	YPL048W_S288C_02_06_13		1
6	14	YNL157W_S288C_02_06_14		1
6	15	YPR193C_S288C_02_06_15		1
6	16	YDR277C_S288C_02_06_16		1
6	17	YPL047W_S288C_02_06_17		1
6	18	YNL156C_S288C_02_06_18		1
6	19	YPR194C_S288C_02_06_19		1
6	20	YDR278C_S288C_02_06_20		1
6	21	YPL046C_S288C_02_06_21		1
6	22	YNL155W_S288C_02_06_22		1
6	23	YPR195C_S288C_02_06_23		1
6	24	YDR279W_S288C_02_06_24		1
6	25	YPL042C_S288C_02_06_25		1
6	26	YNL154C_S288C_02_06_26		1
6	27	YPR196W_S288C_02_06_27		1
6	28	YDR281C_S288C_02_06_28		1
6	29	YPL041C_S288C_02_06_29		1
6	30	YNL148C_S288C_02_06_30		1
6	31	YPR197C_S288C_02_06_31		1
6	32	YDR282C_S288C_02_06_32		1
6	33	YPL040C_S288C_02_06_33		1
6	34	YKL191W_S288C_02_06_34		1
6	35	YPR198W_S288C_02_06_35		1
6	36	YDR284C_S288C_02_06_36		1
6	37	YPL039W_S288C_02_06_37		1
6	38	YKL197C_S288C_02_06_38		1
6	39	YPR199C_S288C_02_06_39		1
6	40	YDR285W_S288C_02_06_40		1
6	41	YPL038W_S288C_02_06_41		1
6	42	YKL198C_S288C_02_06_42		1
6	43	YPR200C_S288C_02_06_43		1
6	44	YDR286C_S288C_02_06_44		1
6	45	YPL037C_S288C_02_06_45		1
6	46	YKL199C_S288C_02_06_46		1
6	47	YPR201W_S288C_02_06_47		1
6	48	YDR287W_S288C_02_06_48		1
7	1	YGR039W_S288C_02_07_01		1
7	2	YLR309C_S288C_02_07_02		1
7	3	YOR162C_S288C_02_07_03		1
7	4	YGL215W_S288C_02_07_04		1
7	5	YGR041W_S288C_02_07_05		1
7	6	YLR311C_S288C_02_07_06		1
7	7	YOR163W_S288C_02_07_07		1
7	8	YGL216W_S288C_02_07_08		1
7	9	YGR042W_S288C_02_07_09		1
7	10	YLR312C_S288C_02_07_10		1
7	11	YOR164C_S288C_02_07_11		1
7	12	YGL217C_S288C_02_07_12		1
7	13	YGR043C_S288C_02_07_13		1
7	14	YLR312W-A_S288C_02_07_14		1
7	15	YOR165W_S288C_02_07_15		1
7	16	YGL218W_S288C_02_07_16		1
7	17	YGR044C_S288C_02_07_17		1
7	18	YLR313C_S288C_02_07_18		1
7	19	YOR166C_S288C_02_07_19		1
7	20	YGL220W_S288C_02_07_20		1
7	21	YGR045C_S288C_02_07_21		1
7	22	YLR315W_S288C_02_07_22		1
7	23	YOR167C_S288C_02_07_23		1
7	24	YGL221C_S288C_02_07_24		1
7	25	WT_S288C_02_07_25		1
7	26	YLR318W_S288C_02_07_26		1
7	27	YOR170W_S288C_02_07_27		1
7	28	YGL222C_S288C_02_07_28		1
7	29	YGR049W_S288C_02_07_29		1
7	30	YLR319C_S288C_02_07_30		1
7	31	WT_S288C_02_07_31		1
7	32	YGL224C_S288C_02_07_32		1
7	33	YGR051C_S288C_02_07_33		1
7	34	YLR320W_S288C_02_07_34		1
7	35	YOR171C_S288C_02_07_35		1
7	36	YGL226C-A_S288C_02_07_36		1
7	37	YGR052W_S288C_02_07_37		1
7	38	YLR322W_S288C_02_07_38		1
7	39	YOR172W_S288C_02_07_39		1
7	40	YGL226W_S288C_02_07_40		1
7	41	YGR054W_S288C_02_07_41		1
7	42	WT_S288C_02_07_42		1
7	43	YOR173W_S288C_02_07_43		1
7	44	YGL227W_S288C_02_07_44		1
7	45	YGR055W_S288C_02_07_45		1
7	46	YDR147W_S288C_02_07_46		1
7	47	YOR175C_S288C_02_07_47		1
7	48	WT_S288C_02_07_48		1
8	1	YBL016W_S288C_02_08_01		1
8	2	YIL006W_S288C_02_08_02		1
8	3	YGL045W_S288C_02_08_03		1
8	4	YIL009C-A_S288C_02_08_04		1
8	5	YBL017C_S288C_02_08_05		1
8	6	YIL007C_S288C_02_08_06		1
8	7	YGL046W_S288C_02_08_07		1
8	8	YIR017C_S288C_02_08_08		1
8	9	YBL019W_S288C_02_08_09		1
8	10	YIL008W_S288C_02_08_10		1
8	11	YGL049C_S288C_02_08_11		1
8	12	YIR018W_S288C_02_08_12		1
8	13	YBL021C_S288C_02_08_13		1
8	14	YIL009W_S288C_02_08_14		1
8	15	YGL050W_S288C_02_08_15		1
8	16	YIR019C_S288C_02_08_16		1
8	17	YBL022C_S288C_02_08_17		1
8	18	YIL010W_S288C_02_08_18		1
8	19	YGL051W_S288C_02_08_19		1
8	20	YIR020C_S288C_02_08_20		1
8	21	YBL024W_S288C_02_08_21		1
8	22	YIL015C-A_S288C_02_08_22		1
8	23	YGL053W_S288C_02_08_23		1
8	24	YIR020W-B_S288C_02_08_24		1
8	25	YBL027W_S288C_02_08_25		1
8	26	YIL038C_S288C_02_08_26		1
8	27	YGL054C_S288C_02_08_27		1
8	28	YIR021W_S288C_02_08_28		1
8	29	YBL028C_S288C_02_08_29		1
8	30	YIL042C_S288C_02_08_30		1
8	31	YGL056C_S288C_02_08_31		1
8	32	YIR024C_S288C_02_08_32		1
8	33	YBL029W_S288C_02_08_33		1
8	34	YIL047C_S288C_02_08_34		1
8	35	YGL057C_S288C_02_08_35		1
8	36	YIR025W_S288C_02_08_36		1
8	37	YBL031W_S288C_02_08_37		1
8	38	YIL052C_S288C_02_08_38		1
8	39	YGL058W_S288C_02_08_39		1
8	40	YIR026C_S288C_02_08_40		1
8	41	YBL032W_S288C_02_08_41		1
8	42	YIL054W_S288C_02_08_42		1
8	43	YGL059W_S288C_02_08_43		1
8	44	YIR027C_S288C_02_08_44		1
8	45	YBL036C_S288C_02_08_45		1
8	46	YIL055C_S288C_02_08_46		1
8	47	YGL060W_S288C_02_08_47		1
8	48	YIR028W_S288C_02_08_48		1
9	1	YLR185W_S288C_02_09_01		1
9	2	YJL191W_S288C_02_09_02		1
9	3	YKL091C_S288C_02_09_03		1
9	4	YLR386W_S288C_02_09_04		1
9	5	YLR187W_S288C_02_09_05		1
9	6	YJL190C_S288C_02_09_06		1
9	7	YKL092C_S288C_02_09_07		1
9	8	YLR387C_S288C_02_09_08		1
9	9	YLR188W_S288C_02_09_09		1
9	10	YJL189W_S288C_02_09_10		1
9	11	YKL093W_S288C_02_09_11		1
9	12	YLR388W_S288C_02_09_12		1
9	13	YLR189C_S288C_02_09_13		1
9	14	YJL188C_S288C_02_09_14		1
9	15	YKL094W_S288C_02_09_15		1
9	16	YLR390W_S288C_02_09_16		1
9	17	YLR190W_S288C_02_09_17		1
9	18	YJL187C_S288C_02_09_18		1
9	19	YKL096W_S288C_02_09_19		1
9	20	YLR392C_S288C_02_09_20		1
9	21	YLR191W_S288C_02_09_21		1
9	22	YJL186W_S288C_02_09_22		1
9	23	YKL097C_S288C_02_09_23		1
9	24	YLR393W_S288C_02_09_24		1
9	25	YLR193C_S288C_02_09_25		1
9	26	YJL185C_S288C_02_09_26		1
9	27	YKL098W_S288C_02_09_27		1
9	28	YLR395C_S288C_02_09_28		1
9	29	YLR194C_S288C_02_09_29		1
9	30	YJL183W_S288C_02_09_30		1
9	31	YKL100C_S288C_02_09_31		1
9	32	YLR398C_S288C_02_09_32		1
9	33	YLR199C_S288C_02_09_33		1
9	34	YJL181W_S288C_02_09_34		1
9	35	YKL101W_S288C_02_09_35		1
9	36	YLR400W_S288C_02_09_36		1
9	37	YLR200W_S288C_02_09_37		1
9	38	YJL182C_S288C_02_09_38		1
9	39	YKL102C_S288C_02_09_39		1
9	40	YLR401C_S288C_02_09_40		1
9	41	YLR201C_S288C_02_09_41		1
9	42	YJL180C_S288C_02_09_42		1
9	43	YKL103C_S288C_02_09_43		1
9	44	YLR402W_S288C_02_09_44		1
9	45	YLR202C_S288C_02_09_45		1
9	46	YJL179W_S288C_02_09_46		1
9	47	YKL105C_S288C_02_09_47		1
9	48	YLR404W_S288C_02_09_48		1
10	1	WT_S288C_02_10_01		1
10	2	YKL200C_S288C_02_10_02		1
10	3	YCR090C_S288C_02_10_03		1
10	4	YDR289C_S288C_02_10_04		1
10	5	YPL035C_S288C_02_10_05		1
10	6	YKL205W_S288C_02_10_06		1
10	7	WT_S288C_02_10_07		1
10	8	YDR290W_S288C_02_10_08		1
10	9	YPL033C_S288C_02_10_09		1
10	10	YKL206C_S288C_02_10_10		1
10	11	YCR091W_S288C_02_10_11		1
10	12	YDR291W_S288C_02_10_12		1
10	13	YPL032C_S288C_02_10_13		1
10	14	YKL207W_S288C_02_10_14		1
10	15	YCR092C_S288C_02_10_15		1
10	16	YDR293C_S288C_02_10_16		1
10	17	YPL030W_S288C_02_10_17		1
10	18	WT_S288C_02_10_18		1
10	19	YCR094W_S288C_02_10_19		1
10	20	YDR294C_S288C_02_10_20		1
10	21	YPL029W_S288C_02_10_21		1
10	22	YKL208W_S288C_02_10_22		1
10	23	YCR098C_S288C_02_10_23		1
10	24	WT_S288C_02_10_24		1
10	25	YPL026C_S288C_02_10_25		1
10	26	YKL211C_S288C_02_10_26		1
10	27	YCR099C_S288C_02_10_27		1
10	28	YDR295C_S288C_02_10_28		1
10	29	YPL025C_S288C_02_10_29		1
10	30	YKL212W_S288C_02_10_30		1
10	31	YCR100C_S288C_02_10_31		1
10	32	YDR297W_S288C_02_10_32		1
10	33	YPL023C_S288C_02_10_33		1
10	34	YKL213C_S288C_02_10_34		1
10	35	YCR101C_S288C_02_10_35		1
10	36	YDR298C_S288C_02_10_36		1
10	37	YPL022W_S288C_02_10_37		1
10	38	YKL214C_S288C_02_10_38		1
10	39	YCR102C_S288C_02_10_39		1
10	40	YDR304C_S288C_02_10_40		1
10	41	YPL021W_S288C_02_10_41		1
10	42	YKL216W_S288C_02_10_42		1
10	43	YCR105W_S288C_02_10_43		1
10	44	YDR305C_S288C_02_10_44		1
10	45	YPL019C_S288C_02_10_45		1
10	46	YKL217W_S288C_02_10_46		1
10	47	YCR106W_S288C_02_10_47		1
10	48	YDR306C_S288C_02_10_48		1
11	1	YGR056W_S288C_02_11_01		1
11	2	YDR148C_S288C_02_11_02		1
11	3	YOR177C_S288C_02_11_03		1
11	4	YGL228W_S288C_02_11_04		1
11	5	YGR057C_S288C_02_11_05		1
11	6	YDR149C_S288C_02_11_06		1
11	7	YOR178C_S288C_02_11_07		1
11	8	YGL229C_S288C_02_11_08		1
11	9	YGR058W_S288C_02_11_09		1
11	10	YDR150W_S288C_02_11_10		1
11	11	YOR182C_S288C_02_11_11		1
11	12	YGL230C_S288C_02_11_12		1
11	13	YGR059W_S288C_02_11_13		1
11	14	YDR151C_S288C_02_11_14		1
11	15	YOR183W_S288C_02_11_15		1
11	16	YGL231C_S288C_02_11_16		1
11	17	YGR061C_S288C_02_11_17		1
11	18	YDR152W_S288C_02_11_18		1
11	19	YOR184W_S288C_02_11_19		1
11	20	YGL232W_S288C_02_11_20		1
11	21	YGR062C_S288C_02_11_21		1
11	22	YDR153C_S288C_02_11_22		1
11	23	YOR185C_S288C_02_11_23		1
11	24	YGL234W_S288C_02_11_24		1
11	25	YGR064W_S288C_02_11_25		1
11	26	YDR154C_S288C_02_11_26		1
11	27	YOR186W_S288C_02_11_27		1
11	28	YGL235W_S288C_02_11_28		1
11	29	YGR066C_S288C_02_11_29		1
11	30	YDR155C_S288C_02_11_30		1
11	31	YOR187W_S288C_02_11_31		1
11	32	YGL236C_S288C_02_11_32		1
11	33	YGR067C_S288C_02_11_33		1
11	34	YDR156W_S288C_02_11_34		1
11	35	YOR188W_S288C_02_11_35		1
11	36	YGL237C_S288C_02_11_36		1
11	37	YGR068C_S288C_02_11_37		1
11	38	YDR157W_S288C_02_11_38		1
11	39	YOR189W_S288C_02_11_39		1
11	40	YGL241W_S288C_02_11_40		1
11	41	YGR069W_S288C_02_11_41		1
11	42	YDR158W_S288C_02_11_42		1
11	43	YOR190W_S288C_02_11_43		1
11	44	YGL242C_S288C_02_11_44		1
11	45	YGR070W_S288C_02_11_45		1
11	46	YDR159W_S288C_02_11_46		1
11	47	YOR191W_S288C_02_11_47		1
11	48	YGL243W_S288C_02_11_48		1
12	1	YBL037W_S288C_02_12_01		1
12	2	YIL059C_S288C_02_12_02		1
12	3	YGL062W_S288C_02_12_03		1
12	4	YIR029W_S288C_02_12_04		1
12	5	YBL038W_S288C_02_12_05		1
12	6	YIL060W_S288C_02_12_06		1
12	7	YGL063W_S288C_02_12_07		1
12	8	YIR031C_S288C_02_12_08		1
12	9	WT_S288C_02_12_09		1
12	10	YIL067C_S288C_02_12_10		1
12	11	YGL064C_S288C_02_12_11		1
12	12	YIR033W_S288C_02_12_12		1
12	13	YBL039C_S288C_02_12_13		1
12	14	YIL069C_S288C_02_12_14		1
12	15	WT_S288C_02_12_15		1
12	16	YIR034C_S288C_02_12_16		1
12	17	YBL042C_S288C_02_12_17		1
12	18	YIL070C_S288C_02_12_18		1
12	19	YGL066W_S288C_02_12_19		1
12	20	YIR035C_S288C_02_12_20		1
12	21	YBL043W_S288C_02_12_21		1
12	22	YIL071C_S288C_02_12_22		1
12	23	YGL067W_S288C_02_12_23		1
12	24	YIR036C_S288C_02_12_24		1
12	25	YBL044W_S288C_02_12_25		1
12	26	WT_S288C_02_12_26		1
12	27	YGL071W_S288C_02_12_27		1
12	28	YIR037W_S288C_02_12_28		1
12	29	YBL045C_S288C_02_12_29		1
12	30	YIL074C_S288C_02_12_30		1
12	31	YGL072C_S288C_02_12_31		1
12	32	WT_S288C_02_12_32		1
12	33	YBL046W_S288C_02_12_33		1
12	34	YIL089W_S288C_02_12_34		1
12	35	YGL076C_S288C_02_12_35		1
12	36	YIR038C_S288C_02_12_36		1
12	37	YBL047C_S288C_02_12_37		1
12	38	YIL092W_S288C_02_12_38		1
12	39	YGL077C_S288C_02_12_39		1
12	40	YIR039C_S288C_02_12_40		1
12	41	YBL048W_S288C_02_12_41		1
12	42	YFL006W_S288C_02_12_42		1
12	43	YGL078C_S288C_02_12_43		1
12	44	YIR042C_S288C_02_12_44		1
12	45	YBL049W_S288C_02_12_45		1
12	46	YFL011W_S288C_02_12_46		1
12	47	YGL079W_S288C_02_12_47		1
12	48	YKL033W-A_S288C_02_12_48		1
13	1	YLR203C_S288C_02_13_01		1
13	2	YJL178C_S288C_02_13_02		1
13	3	YKL106W_S288C_02_13_03		1
13	4	YLR405W_S288C_02_13_04		1
13	5	YLR204W_S288C_02_13_05		1
13	6	YJL176C_S288C_02_13_06		1
13	7	YKL107W_S288C_02_13_07		1
13	8	YLR407W_S288C_02_13_08		1
13	9	YLR205C_S288C_02_13_09		1
13	10	YJL172W_S288C_02_13_10		1
13	11	YKL109W_S288C_02_13_11		1
13	12	YLR408C_S288C_02_13_12		1
13	13	YLR206W_S288C_02_13_13		1
13	14	YJL171C_S288C_02_13_14		1
13	15	YKL110C_S288C_02_13_15		1
13	16	YLR410W_S288C_02_13_16		1
13	17	YLR207W_S288C_02_13_17		1
13	18	YJL170C_S288C_02_13_18		1
13	19	YKL113C_S288C_02_13_19		1
13	20	YLR412W_S288C_02_13_20		1
13	21	YLR209C_S288C_02_13_21		1
13	22	YJL169W_S288C_02_13_22		1
13	23	YKL114C_S288C_02_13_23		1
13	24	YLR413W_S288C_02_13_24		1
13	25	YLR210W_S288C_02_13_25		1
13	26	YJL168C_S288C_02_13_26		1
13	27	YKL116C_S288C_02_13_27		1
13	28	YLR414C_S288C_02_13_28		1
13	29	YLR211C_S288C_02_13_29		1
13	30	YJL166W_S288C_02_13_30		1
13	31	YKL117W_S288C_02_13_31		1
13	32	YLR415C_S288C_02_13_32		1
13	33	YLR213C_S288C_02_13_33		1
13	34	YJL165C_S288C_02_13_34		1
13	35	YKL118W_S288C_02_13_35		1
13	36	YLR416C_S288C_02_13_36		1
13	37	YLR214W_S288C_02_13_37		1
13	38	YJL164C_S288C_02_13_38		1
13	39	YKL119C_S288C_02_13_39		1
13	40	YLR417W_S288C_02_13_40		1
13	41	YLR216C_S288C_02_13_41		1
13	42	YJL163C_S288C_02_13_42		1
13	43	YKL120W_S288C_02_13_43		1
13	44	YLR418C_S288C_02_13_44		1
13	45	YLR217W_S288C_02_13_45		1
13	46	YJL162C_S288C_02_13_46		1
13	47	YKL121W_S288C_02_13_47		1
13	48	YLR421C_S288C_02_13_48		1
14	1	YPL018W_S288C_02_14_01		1
14	2	YKL218C_S288C_02_14_02		1
14	3	YDL130W-A_S288C_02_14_03		1
14	4	YDR307W_S288C_02_14_04		1
14	5	YPL015C_S288C_02_14_05		1
14	6	YKL221W_S288C_02_14_06		1
14	7	YDR363W-A_S288C_02_14_07		1
14	8	YDR309C_S288C_02_14_08		1
14	9	YPL014W_S288C_02_14_09		1
14	10	YKL222C_S288C_02_14_10		1
14	11	YDR525W-A_S288C_02_14_11		1
14	12	YDR310C_S288C_02_14_12		1
14	13	YPL013C_S288C_02_14_13		1
14	14	YKR001C_S288C_02_14_14		1
14	15	YDR535C_S288C_02_14_15		1
14	16	YDR312W_S288C_02_14_16		1
14	17	YPL009C_S288C_02_14_17		1
14	18	YKR003W_S288C_02_14_18		1
14	19	YDR536W_S288C_02_14_19		1
14	20	YDR313C_S288C_02_14_20		1
14	21	YPL008W_S288C_02_14_21		1
14	22	YKR005C_S288C_02_14_22		1
14	23	YDR538W_S288C_02_14_23		1
14	24	YDR314C_S288C_02_14_24		1
14	25	YPL006W_S288C_02_14_25		1
14	26	YKR007W_S288C_02_14_26		1
14	27	YDR539W_S288C_02_14_27		1
14	28	YDR315C_S288C_02_14_28		1
14	29	YPL005W_S288C_02_14_29		1
14	30	YKR009C_S288C_02_14_30		1
14	31	YDR540C_S288C_02_14_31		1
14	32	YDR316W_S288C_02_14_32		1
14	33	YPL003W_S288C_02_14_33		1
14	34	YKR011C_S288C_02_14_34		1
14	35	YDR541C_S288C_02_14_35		1
14	36	YDR317W_S288C_02_14_36		1
14	37	YPL002C_S288C_02_14_37		1
14	38	YKR012C_S288C_02_14_38		1
14	39	YER039C-A_S288C_02_14_39		1
14	40	YDR318W_S288C_02_14_40		1
14	41	YPL001W_S288C_02_14_41		1
14	42	YKR013W_S288C_02_14_42		1
14	43	YER091C-A_S288C_02_14_43		1
14	44	YDR319C_S288C_02_14_44		1
14	45	YPR001W_S288C_02_14_45		1
14	46	YKR014C_S288C_02_14_46		1
14	47	YER144C_S288C_02_14_47		1
14	48	YDR320C_S288C_02_14_48		1
15	1	YGR071C_S288C_02_15_01		1
15	2	YDR161W_S288C_02_15_02		1
15	3	YOR192C_S288C_02_15_03		1
15	4	YGL244W_S288C_02_15_04		1
15	5	YGR072W_S288C_02_15_05		1
15	6	YDR162C_S288C_02_15_06		1
15	7	YOR193W_S288C_02_15_07		1
15	8	YGL246C_S288C_02_15_08		1
15	9	YGR076C_S288C_02_15_09		1
15	10	YDR163W_S288C_02_15_10		1
15	11	YOR195W_S288C_02_15_11		1
15	12	YGL248W_S288C_02_15_12		1
15	13	YGR077C_S288C_02_15_13		1
15	14	YDR165W_S288C_02_15_14		1
15	15	YOR196C_S288C_02_15_15		1
15	16	YGL249W_S288C_02_15_16		1
15	17	YGR078C_S288C_02_15_17		1
15	18	YDR169C_S288C_02_15_18		1
15	19	YOR197W_S288C_02_15_19		1
15	20	YGL250W_S288C_02_15_20		1
15	21	YGR079W_S288C_02_15_21		1
15	22	YDR171W_S288C_02_15_22		1
15	23	YOR198C_S288C_02_15_23		1
15	24	YGL251C_S288C_02_15_24		1
15	25	YGR080W_S288C_02_15_25		1
15	26	YDR173C_S288C_02_15_26		1
15	27	YOR199W_S288C_02_15_27		1
15	28	YGL252C_S288C_02_15_28		1
15	29	YGR081C_S288C_02_15_29		1
15	30	YDR175C_S288C_02_15_30		1
15	31	YOR200W_S288C_02_15_31		1
15	32	YGL253W_S288C_02_15_32		1
15	33	YGR084C_S288C_02_15_33		1
15	34	YDR176W_S288C_02_15_34		1
15	35	YOR201C_S288C_02_15_35		1
15	36	YGL254W_S288C_02_15_36		1
15	37	YGR085C_S288C_02_15_37		1
15	38	YDR178W_S288C_02_15_38		1
15	39	YOR202W_S288C_02_15_39		1
15	40	YGL255W_S288C_02_15_40		1
15	41	YGR087C_S288C_02_15_41		1
15	42	YDR179C_S288C_02_15_42		1
15	43	YOR205C_S288C_02_15_43		1
15	44	YGL256W_S288C_02_15_44		1
15	45	YGR088W_S288C_02_15_45		1
15	46	YDR179W-A_S288C_02_15_46		1
15	47	YOR208W_S288C_02_15_47		1
15	48	YGL257C_S288C_02_15_48		1
16	1	YBL051C_S288C_02_16_01		1
16	2	YFL015C_S288C_02_16_02		1
16	3	YGL080W_S288C_02_16_03		1
16	4	YKL162C-A_S288C_02_16_04		1
16	5	YBL052C_S288C_02_16_05		1
16	6	YFL020C_S288C_02_16_06		1
16	7	YGL081W_S288C_02_16_07		1
16	8	YKR035W-A_S288C_02_16_08		1
16	9	YBL053W_S288C_02_16_09		1
16	10	YFL021W_S288C_02_16_10		1
16	11	YGL082W_S288C_02_16_11		1
16	12	YKR066C_S288C_02_16_12		1
16	13	YBL054W_S288C_02_16_13		1
16	14	YFL023W_S288C_02_16_14		1
16	15	YGL083W_S288C_02_16_15		1
16	16	YKR067W_S288C_02_16_16		1
16	17	YBL055C_S288C_02_16_17		1
16	18	YFL025C_S288C_02_16_18		1
16	19	YGL084C_S288C_02_16_19		1
16	20	YKR069W_S288C_02_16_20		1
16	21	YBL056W_S288C_02_16_21		1
16	22	YFL026W_S288C_02_16_22		1
16	23	YGL085W_S288C_02_16_23		1
16	24	YKR070W_S288C_02_16_24		1
16	25	YBL057C_S288C_02_16_25		1
16	26	YFL027C_S288C_02_16_26		1
16	27	YGL086W_S288C_02_16_27		1
16	28	YKR072C_S288C_02_16_28		1
16	29	YBL058W_S288C_02_16_29		1
16	30	YFL028C_S288C_02_16_30		1
16	31	YGL087C_S288C_02_16_31		1
16	32	YKR073C_S288C_02_16_32		1
16	33	YBL059W_S288C_02_16_33		1
16	34	YFL030W_S288C_02_16_34		1
16	35	YGL089C_S288C_02_16_35		1
16	36	YKR074W_S288C_02_16_36		1
16	37	YBL060W_S288C_02_16_37		1
16	38	YFL031W_S288C_02_16_38		1
16	39	YGL090W_S288C_02_16_39		1
16	40	YKR075C_S288C_02_16_40		1
16	41	YBL061C_S288C_02_16_41		1
16	42	YFL032W_S288C_02_16_42		1
16	43	YGL094C_S288C_02_16_43		1
16	44	YKR076W_S288C_02_16_44		1
16	45	YBL062W_S288C_02_16_45		1
16	46	YFL034W_S288C_02_16_46		1
16	47	YGL096W_S288C_02_16_47		1
16	48	YKR077W_S288C_02_16_48		1
17	1	YLR218C_S288C_02_17_01		1
17	2	YJL161W_S288C_02_17_02		1
17	3	YKL123W_S288C_02_17_03		1
17	4	YLR228C_S288C_02_17_04		1
17	5	YLR219W_S288C_02_17_05		1
17	6	YJL159W_S288C_02_17_06		1
17	7	YKL124W_S288C_02_17_07		1
17	8	YLR231C_S288C_02_17_08		1
17	9	YLR220W_S288C_02_17_09		1
17	10	YJL158C_S288C_02_17_10		1
17	11	YKL126W_S288C_02_17_11		1
17	12	YLR232W_S288C_02_17_12		1
17	13	YLR221C_S288C_02_17_13		1
17	14	YJL157C_S288C_02_17_14		1
17	15	YKL127W_S288C_02_17_15		1
17	16	YLR233C_S288C_02_17_16		1
17	17	YLR224W_S288C_02_17_17		1
17	18	YJL155C_S288C_02_17_18		1
17	19	YKL128C_S288C_02_17_19		1
17	20	YLR234W_S288C_02_17_20		1
17	21	YLR225C_S288C_02_17_21		1
17	22	YJL154C_S288C_02_17_22		1
17	23	YKL129C_S288C_02_17_23		1
17	24	YLR235C_S288C_02_17_24		1
17	25	YLR227C_S288C_02_17_25		1
17	26	YJL153C_S288C_02_17_26		1
17	27	YKL130C_S288C_02_17_27		1
17	28	YLR236C_S288C_02_17_28		1
17	29	YKL001C_S288C_02_17_29		1
17	30	YJL152W_S288C_02_17_30		1
17	31	YKL131W_S288C_02_17_31		1
17	32	YLR238W_S288C_02_17_32		1
17	33	YKL002W_S288C_02_17_33		1
17	34	YJL151C_S288C_02_17_34		1
17	35	YKL132C_S288C_02_17_35		1
17	36	YLR239C_S288C_02_17_36		1
17	37	YKL003C_S288C_02_17_37		1
17	38	YJL150W_S288C_02_17_38		1
17	39	YKL133C_S288C_02_17_39		1
17	40	YLR241W_S288C_02_17_40		1
17	41	YKL006W_S288C_02_17_41		1
17	42	YJL149W_S288C_02_17_42		1
17	43	YKL134C_S288C_02_17_43		1
17	44	YLR242C_S288C_02_17_44		1
17	45	YKL007W_S288C_02_17_45		1
17	46	YJL148W_S288C_02_17_46		1
17	47	YKL135C_S288C_02_17_47		1
17	48	YLR247C_S288C_02_17_48		1
18	1	YPR002W_S288C_02_18_01		1
18	2	YKR015C_S288C_02_18_02		1
18	3	YER188W_S288C_02_18_03		1
18	4	YDR321W_S288C_02_18_04		1
18	5	YPR003C_S288C_02_18_05		1
18	6	YKR016W_S288C_02_18_06		1
18	7	YFL034C-A_S288C_02_18_07		1
18	8	YDR322W_S288C_02_18_08		1
18	9	YPR004C_S288C_02_18_09		1
18	10	YKR017C_S288C_02_18_10		1
18	11	YFR032C_S288C_02_18_11		1
18	12	YDR323C_S288C_02_18_12		1
18	13	YPR005C_S288C_02_18_13		1
18	14	YKR018C_S288C_02_18_14		1
18	15	YFR032C-A_S288C_02_18_15		1
18	16	YDR329C_S288C_02_18_16		1
18	17	YPR106W_S288C_02_18_17		1
18	18	YKR020W_S288C_02_18_18		1
18	19	YFR033C_S288C_02_18_19		1
18	20	YDR330W_S288C_02_18_20		1
18	21	YPR109W_S288C_02_18_21		1
18	22	YKR021W_S288C_02_18_22		1
18	23	YFR034C_S288C_02_18_23		1
18	24	YDR332W_S288C_02_18_24		1
18	25	YPR111W_S288C_02_18_25		1
18	26	YKR024C_S288C_02_18_26		1
18	27	YFR035C_S288C_02_18_27		1
18	28	YDR333C_S288C_02_18_28		1
18	29	YPR114W_S288C_02_18_29		1
18	30	YKR026C_S288C_02_18_30		1
18	31	YFR036W_S288C_02_18_31		1
18	32	YDR334W_S288C_02_18_32		1
18	33	YPR115W_S288C_02_18_33		1
18	34	YKR030W_S288C_02_18_34		1
18	35	YFR038W_S288C_02_18_35		1
18	36	YDR335W_S288C_02_18_36		1
18	37	YPR116W_S288C_02_18_37		1
18	38	YKR031C_S288C_02_18_38		1
18	39	YFR040W_S288C_02_18_39		1
18	40	YDR336W_S288C_02_18_40		1
18	41	YPR117W_S288C_02_18_41		1
18	42	YKR032W_S288C_02_18_42		1
18	43	YFR041C_S288C_02_18_43		1
18	44	YDR337W_S288C_02_18_44		1
18	45	YPR119W_S288C_02_18_45		1
18	46	YKR033C_S288C_02_18_46		1
18	47	YFR043C_S288C_02_18_47		1
18	48	YIL001W_S288C_02_18_48		1
19	1	YGR096W_S288C_02_19_01		1
19	2	YDR181C_S288C_02_19_02		1
19	3	YOR209C_S288C_02_19_03		1
19	4	YGL258W_S288C_02_19_04		1
19	5	YGR097W_S288C_02_19_05		1
19	6	YDR183W_S288C_02_19_06		1
19	7	YOR211C_S288C_02_19_07		1
19	8	YGL259W_S288C_02_19_08		1
19	9	YGR100W_S288C_02_19_09		1
19	10	YDR184C_S288C_02_19_10		1
19	11	YOR212W_S288C_02_19_11		1
19	12	YGL260W_S288C_02_19_12		1
19	13	YGR101W_S288C_02_19_13		1
19	14	YDR185C_S288C_02_19_14		1
19	15	YOR213C_S288C_02_19_15		1
19	16	YGL261C_S288C_02_19_16		1
19	17	YGR102C_S288C_02_19_17		1
19	18	YDR186C_S288C_02_19_18		1
19	19	YOR214C_S288C_02_19_19		1
19	20	YGL262W_S288C_02_19_20		1
19	21	YGR104C_S288C_02_19_21		1
19	22	YDR191W_S288C_02_19_22		1
19	23	YOR215C_S288C_02_19_23		1
19	24	YGL263W_S288C_02_19_24		1
19	25	YGR105W_S288C_02_19_25		1
19	26	YDR192C_S288C_02_19_26		1
19	27	YOR216C_S288C_02_19_27		1
19	28	YGR001C_S288C_02_19_28		1
19	29	YGR107W_S288C_02_19_29		1
19	30	YDR193W_S288C_02_19_30		1
19	31	YOR219C_S288C_02_19_31		1
19	32	YGR003W_S288C_02_19_32		1
19	33	YGR108W_S288C_02_19_33		1
19	34	YDR194C_S288C_02_19_34		1
19	35	YOR220W_S288C_02_19_35		1
19	36	YGR004W_S288C_02_19_36		1
19	37	YGR109C_S288C_02_19_37		1
19	38	YDR195W_S288C_02_19_38		1
19	39	YOR221C_S288C_02_19_39		1
19	40	YGR006W_S288C_02_19_40		1
19	41	YGR111W_S288C_02_19_41		1
19	42	YDR197W_S288C_02_19_42		1
19	43	YOR222W_S288C_02_19_43		1
19	44	YGR007W_S288C_02_19_44		1
19	45	YGR112W_S288C_02_19_45		1
19	46	YDR198C_S288C_02_19_46		1
19	47	YOR223W_S288C_02_19_47		1
19	48	YGR008C_S288C_02_19_48		1
20	1	YBL063W_S288C_02_20_01		1
20	2	YFL035C-B_S288C_02_20_02		1
20	3	YNL242W_S288C_02_20_03		1
20	4	YKR078W_S288C_02_20_04		1
20	5	YBL064C_S288C_02_20_05		1
20	6	YFL036W_S288C_02_20_06		1
20	7	YNL241C_S288C_02_20_07		1
20	8	YKR080W_S288C_02_20_08		1
20	9	YBL065W_S288C_02_20_09		1
20	10	YFL040W_S288C_02_20_10		1
20	11	YNL239W_S288C_02_20_11		1
20	12	YKR082W_S288C_02_20_12		1
20	13	YBL066C_S288C_02_20_13		1
20	14	YFL041W_S288C_02_20_14		1
20	15	YNL238W_S288C_02_20_15		1
20	16	YKR084C_S288C_02_20_16		1
20	17	YBL067C_S288C_02_20_17		1
20	18	YFL043C_S288C_02_20_18		1
20	19	YNL237W_S288C_02_20_19		1
20	20	YMR062C_S288C_02_20_20		1
20	21	YBL068W_S288C_02_20_21		1
20	22	YFL044C_S288C_02_20_22		1
20	23	YNL236W_S288C_02_20_23		1
20	24	YMR063W_S288C_02_20_24		1
20	25	YBL069W_S288C_02_20_25		1
20	26	YFL046W_S288C_02_20_26		1
20	27	YNL235C_S288C_02_20_27		1
20	28	YMR065W_S288C_02_20_28		1
20	29	YBL070C_S288C_02_20_29		1
20	30	YFL047W_S288C_02_20_30		1
20	31	YNL234W_S288C_02_20_31		1
20	32	YMR067C_S288C_02_20_32		1
20	33	YBL071C_S288C_02_20_33		1
20	34	YFL048C_S288C_02_20_34		1
20	35	YNL233W_S288C_02_20_35		1
20	36	YMR068W_S288C_02_20_36		1
20	37	YBL072C_S288C_02_20_37		1
20	38	YFL049W_S288C_02_20_38		1
20	39	YNL231C_S288C_02_20_39		1
20	40	YMR069W_S288C_02_20_40		1
20	41	YBL075C_S288C_02_20_41		1
20	42	YFL050C_S288C_02_20_42		1
20	43	YNL230C_S288C_02_20_43		1
20	44	YMR070W_S288C_02_20_44		1
20	45	YBL078C_S288C_02_20_45		1
20	46	YFL051C_S288C_02_20_46		1
20	47	YNL229C_S288C_02_20_47		1
20	48	YMR071C_S288C_02_20_48		1
21	1	YKL008C_S288C_02_21_01		1
21	2	YJL147C_S288C_02_21_02		1
21	3	YKL136W_S288C_02_21_03		1
21	4	YLR248W_S288C_02_21_04		1
21	5	YKL009W_S288C_02_21_05		1
21	6	YJL146W_S288C_02_21_06		1
21	7	YKL137W_S288C_02_21_07		1
21	8	YLR250W_S288C_02_21_08		1
21	9	YKL010C_S288C_02_21_09		1
21	10	YJL145W_S288C_02_21_10		1
21	11	YKL138C_S288C_02_21_11		1
21	12	YLR251W_S288C_02_21_12		1
21	13	YKL011C_S288C_02_21_13		1
21	14	YJL144W_S288C_02_21_14		1
21	15	YKL140W_S288C_02_21_15		1
21	16	YLR252W_S288C_02_21_16		1
21	17	YKL015W_S288C_02_21_17		1
21	18	YJL142C_S288C_02_21_18		1
21	19	YKL142W_S288C_02_21_19		1
21	20	YLR253W_S288C_02_21_20		1
21	21	YKL016C_S288C_02_21_21		1
21	22	YJL140W_S288C_02_21_22		1
21	23	YKL143W_S288C_02_21_23		1
21	24	YLR254C_S288C_02_21_24		1
21	25	YKL017C_S288C_02_21_25		1
21	26	YJL139C_S288C_02_21_26		1
21	27	YKL146W_S288C_02_21_27		1
21	28	YLR255C_S288C_02_21_28		1
21	29	YKL020C_S288C_02_21_29		1
21	30	YJL138C_S288C_02_21_30		1
21	31	YKL147C_S288C_02_21_31		1
21	32	YLR257W_S288C_02_21_32		1
21	33	YKL023W_S288C_02_21_33		1
21	34	YJL135W_S288C_02_21_34		1
21	35	YKL148C_S288C_02_21_35		1
21	36	YLR258W_S288C_02_21_36		1
21	37	YKL025C_S288C_02_21_37		1
21	38	YJL134W_S288C_02_21_38		1
21	39	YKL149C_S288C_02_21_39		1
21	40	YLR260W_S288C_02_21_40		1
21	41	YKL026C_S288C_02_21_41		1
21	42	YJL133W_S288C_02_21_42		1
21	43	YKL150W_S288C_02_21_43		1
21	44	YLR261C_S288C_02_21_44		1
21	45	YKL027W_S288C_02_21_45		1
21	46	YJL132W_S288C_02_21_46		1
21	47	YKL151C_S288C_02_21_47		1
21	48	YLR262C_S288C_02_21_48		1
22	1	YPR120C_S288C_02_22_01		1
22	2	YKR035C_S288C_02_22_02		1
22	3	YFR044C_S288C_02_22_03		1
22	4	YIL002C_S288C_02_22_04		1
22	5	YPR121W_S288C_02_22_05		1
22	6	YKR042W_S288C_02_22_06		1
22	7	YFR045W_S288C_02_22_07		1
22	8	YIL005W_S288C_02_22_08		1
22	9	YPR122W_S288C_02_22_09		1
22	10	YKR043C_S288C_02_22_10		1
22	11	YFR046C_S288C_02_22_11		1
22	12	YIL011W_S288C_02_22_12		1
22	13	YPR123C_S288C_02_22_13		1
22	14	YKR044W_S288C_02_22_14		1
22	15	YFR047C_S288C_02_22_15		1
22	16	YIL012W_S288C_02_22_16		1
22	17	YPR124W_S288C_02_22_17		1
22	18	YKR045C_S288C_02_22_18		1
22	19	YFR048W_S288C_02_22_19		1
22	20	YIL013C_S288C_02_22_20		1
22	21	YPR125W_S288C_02_22_21		1
22	22	YKR047W_S288C_02_22_22		1
22	23	YFR049W_S288C_02_22_23		1
22	24	YIL014W_S288C_02_22_24		1
22	25	YPR126C_S288C_02_22_25		1
22	26	YKR048C_S288C_02_22_26		1
22	27	YFR053C_S288C_02_22_27		1
22	28	YIL015W_S288C_02_22_28		1
22	29	YPR127W_S288C_02_22_29		1
22	30	YKR049C_S288C_02_22_30		1
22	31	YFR054C_S288C_02_22_31		1
22	32	YIL016W_S288C_02_22_32		1
22	33	YPR128C_S288C_02_22_33		1
22	34	YKR050W_S288C_02_22_34		1
22	35	YFR055W_S288C_02_22_35		1
22	36	YIL017C_S288C_02_22_36		1
22	37	YPR129W_S288C_02_22_37		1
22	38	YKR051W_S288C_02_22_38		1
22	39	YFR056C_S288C_02_22_39		1
22	40	YIL020C_S288C_02_22_40		1
22	41	YPR130C_S288C_02_22_41		1
22	42	YKR052C_S288C_02_22_42		1
22	43	YFR057W_S288C_02_22_43		1
22	44	YIL023C_S288C_02_22_44		1
22	45	YOL151W_S288C_02_22_45		1
22	46	YKR054C_S288C_02_22_46		1
22	47	YGR220C_S288C_02_22_47		1
22	48	YIL024C_S288C_02_22_48		1
23	1	YGR118W_S288C_02_23_01		1
23	2	YDR199W_S288C_02_23_02		1
23	3	YOR225W_S288C_02_23_03		1
23	4	YGR010W_S288C_02_23_04		1
23	5	YGR121C_S288C_02_23_05		1
23	6	YDR200C_S288C_02_23_06		1
23	7	YOR226C_S288C_02_23_07		1
23	8	YGR011W_S288C_02_23_08		1
23	9	YGR122W_S288C_02_23_09		1
23	10	YDR203W_S288C_02_23_10		1
23	11	YOR227W_S288C_02_23_11		1
23	12	YGR012W_S288C_02_23_12		1
23	13	YOR097C_S288C_02_23_13		1
23	14	YDR204W_S288C_02_23_14		1
23	15	YOR228C_S288C_02_23_15		1
23	16	YGR014W_S288C_02_23_16		1
23	17	YOR099W_S288C_02_23_17		1
23	18	YDR206W_S288C_02_23_18		1
23	19	YOR229W_S288C_02_23_19		1
23	20	YGR015C_S288C_02_23_20		1
23	21	YOR100C_S288C_02_23_21		1
23	22	YDR207C_S288C_02_23_22		1
23	23	YOR230W_S288C_02_23_23		1
23	24	YGR016W_S288C_02_23_24		1
23	25	YOR101W_S288C_02_23_25		1
23	26	YDR209C_S288C_02_23_26		1
23	27	YOR231W_S288C_02_23_27		1
23	28	YGR017W_S288C_02_23_28		1
23	29	YOR104W_S288C_02_23_29		1
23	30	YDR210W_S288C_02_23_30		1
23	31	YOR233W_S288C_02_23_31		1
23	32	YGR018C_S288C_02_23_32		1
23	33	YOR105W_S288C_02_23_33		1
23	34	YDR213W_S288C_02_23_34		1
23	35	YOR234C_S288C_02_23_35		1
23	36	YGR019W_S288C_02_23_36		1
23	37	YOR106W_S288C_02_23_37		1
23	38	YDR214W_S288C_02_23_38		1
23	39	YOR235W_S288C_02_23_39		1
23	40	YGR020C_S288C_02_23_40		1
23	41	YOR107W_S288C_02_23_41		1
23	42	YDR215C_S288C_02_23_42		1
23	43	YOR237W_S288C_02_23_43		1
23	44	YGR021W_S288C_02_23_44		1
23	45	YOR108W_S288C_02_23_45		1
23	46	YDR216W_S288C_02_23_46		1
23	47	YOR238W_S288C_02_23_47		1
23	48	YGR022C_S288C_02_23_48		1
24	1	YBL079W_S288C_02_24_01		1
24	2	YFL052W_S288C_02_24_02		1
24	3	YNL228W_S288C_02_24_03		1
24	4	YMR072W_S288C_02_24_04		1
24	5	YBL080C_S288C_02_24_05		1
24	6	YFL053W_S288C_02_24_06		1
24	7	YNL226W_S288C_02_24_07		1
24	8	YMR073C_S288C_02_24_08		1
24	9	YBL081W_S288C_02_24_09		1
24	10	YFL054C_S288C_02_24_10		1
24	11	YNL227C_S288C_02_24_11		1
24	12	YMR075C-A_S288C_02_24_12		1
24	13	YBL082C_S288C_02_24_13		1
24	14	YFL055W_S288C_02_24_14		1
24	15	YNL224C_S288C_02_24_15		1
24	16	YMR075W_S288C_02_24_16		1
24	17	YBL083C_S288C_02_24_17		1
24	18	YFL056C_S288C_02_24_18		1
24	19	YNL223W_S288C_02_24_19		1
24	20	YMR077C_S288C_02_24_20		1
24	21	YBL085W_S288C_02_24_21		1
24	22	YFR001W_S288C_02_24_22		1
24	23	YNL219C_S288C_02_24_23		1
24	24	YMR078C_S288C_02_24_24		1
24	25	YBL086C_S288C_02_24_25		1
24	26	YFR006W_S288C_02_24_26		1
24	27	YNL218W_S288C_02_24_27		1
24	28	YMR080C_S288C_02_24_28		1
24	29	YBL087C_S288C_02_24_29		1
24	30	YFR007W_S288C_02_24_30		1
24	31	YNL217W_S288C_02_24_31		1
24	32	YMR081C_S288C_02_24_32		1
24	33	YBL088C_S288C_02_24_33		1
24	34	YFR008W_S288C_02_24_34		1
24	35	YNL215W_S288C_02_24_35		1
24	36	YMR082C_S288C_02_24_36		1
24	37	YBL089W_S288C_02_24_37		1
24	38	YFR009W_S288C_02_24_38		1
24	39	YNL214W_S288C_02_24_39		1
24	40	YMR083W_S288C_02_24_40		1
24	41	YBL090W_S288C_02_24_41		1
24	42	YFR010W_S288C_02_24_42		1
24	43	YNL213C_S288C_02_24_43		1
24	44	YMR084W_S288C_02_24_44		1
24	45	YBL091C_S288C_02_24_45		1
24	46	YFR012W_S288C_02_24_46		1
24	47	YNL212W_S288C_02_24_47		1
24	48	YMR085W_S288C_02_24_48		1
25	1	YKL029C_S288C_02_25_01		1
25	2	YJL131C_S288C_02_25_02		1
25	3	YPR151C_S288C_02_25_03		1
25	4	YLR263W_S288C_02_25_04		1
25	5	YKL031W_S288C_02_25_05		1
25	6	YJL130C_S288C_02_25_06		1
25	7	YKL156W_S288C_02_25_07		1
25	8	YLR264W_S288C_02_25_08		1
25	9	YKL032C_S288C_02_25_09		1
25	10	YJL129C_S288C_02_25_10		1
25	11	YKL157W_S288C_02_25_11		1
25	12	YLR265C_S288C_02_25_12		1
25	13	YKL034W_S288C_02_25_13		1
25	14	YLR324W_S288C_02_25_14		1
25	15	YKL158W_S288C_02_25_15		1
25	16	YLR266C_S288C_02_25_16		1
25	17	YKL037W_S288C_02_25_17		1
25	18	YLR325C_S288C_02_25_18		1
25	19	YKL159C_S288C_02_25_19		1
25	20	YLR267W_S288C_02_25_20		1
25	21	YKL038W_S288C_02_25_21		1
25	22	YLR326W_S288C_02_25_22		1
25	23	YKL160W_S288C_02_25_23		1
25	24	YLR268W_S288C_02_25_24		1
25	25	YKL039W_S288C_02_25_25		1
25	26	YLR327C_S288C_02_25_26		1
25	27	YKL161C_S288C_02_25_27		1
25	28	YLR269C_S288C_02_25_28		1
25	29	YKL040C_S288C_02_25_29		1
25	30	YLR328W_S288C_02_25_30		1
25	31	YKL162C_S288C_02_25_31		1
25	32	YLR270W_S288C_02_25_32		1
25	33	YKL041W_S288C_02_25_33		1
25	34	YLR329W_S288C_02_25_34		1
25	35	YKL163W_S288C_02_25_35		1
25	36	YLR271W_S288C_02_25_36		1
25	37	YKL043W_S288C_02_25_37		1
25	38	YLR330W_S288C_02_25_38		1
25	39	YKL164C_S288C_02_25_39		1
25	40	YLR273C_S288C_02_25_40		1
25	41	YKL044W_S288C_02_25_41		1
25	42	YLR331C_S288C_02_25_42		1
25	43	YKL166C_S288C_02_25_43		1
25	44	YLR278C_S288C_02_25_44		1
25	45	YKL046C_S288C_02_25_45		1
25	46	YLR332W_S288C_02_25_46		1
25	47	YKL167C_S288C_02_25_47		1
25	48	YLR279W_S288C_02_25_48		1
26	1	YPR132W_S288C_02_26_01		1
26	2	YKR055W_S288C_02_26_02		1
26	3	YGR221C_S288C_02_26_03		1
26	4	YIL025C_S288C_02_26_04		1
26	5	YPR134W_S288C_02_26_05		1
26	6	YKR056W_S288C_02_26_06		1
26	7	YGR223C_S288C_02_26_07		1
26	8	YIL027C_S288C_02_26_08		1
26	9	YPR135W_S288C_02_26_09		1
26	10	YKR057W_S288C_02_26_10		1
26	11	YGR224W_S288C_02_26_11		1
26	12	YIL028W_S288C_02_26_12		1
26	13	YPR138C_S288C_02_26_13		1
26	14	YKR058W_S288C_02_26_14		1
26	15	YGR225W_S288C_02_26_15		1
26	16	YIL029C_S288C_02_26_16		1
26	17	YPR139C_S288C_02_26_17		1
26	18	YKR059W_S288C_02_26_18		1
26	19	YGR226C_S288C_02_26_19		1
26	20	YIL032C_S288C_02_26_20		1
26	21	YPR140W_S288C_02_26_21		1
26	22	YKR060W_S288C_02_26_22		1
26	23	YGR227W_S288C_02_26_23		1
26	24	YIL034C_S288C_02_26_24		1
26	25	YPR141C_S288C_02_26_25		1
26	26	YKR061W_S288C_02_26_26		1
26	27	YGR228W_S288C_02_26_27		1
26	28	YIL035C_S288C_02_26_28		1
26	29	YPR145W_S288C_02_26_29		1
26	30	YKR064W_S288C_02_26_30		1
26	31	YGR230W_S288C_02_26_31		1
26	32	YIL036W_S288C_02_26_32		1
26	33	YPR146C_S288C_02_26_33		1
26	34	YKR065C_S288C_02_26_34		1
26	35	YGR231C_S288C_02_26_35		1
26	36	YIL037C_S288C_02_26_36		1
26	37	YPR147C_S288C_02_26_37		1
26	38	YDR244W_S288C_02_26_38		1
26	39	YGR232W_S288C_02_26_39		1
26	40	YIL039W_S288C_02_26_40		1
26	41	YPR148C_S288C_02_26_41		1
26	42	YDR247W_S288C_02_26_42		1
26	43	YGR233C_S288C_02_26_43		1
26	44	YIL040W_S288C_02_26_44		1
26	45	YPR149W_S288C_02_26_45		1
26	46	YDR248C_S288C_02_26_46		1
26	47	YGR234W_S288C_02_26_47		1
26	48	YIL041W_S288C_02_26_48		1
27	1	YOR109W_S288C_02_27_01		1
27	2	YDR217C_S288C_02_27_02		1
27	3	YOR239W_S288C_02_27_03		1
27	4	YGR023W_S288C_02_27_04		1
27	5	YOR111W_S288C_02_27_05		1
27	6	YDR218C_S288C_02_27_06		1
27	7	YOR240W_S288C_02_27_07		1
27	8	YGR025W_S288C_02_27_08		1
27	9	YOR112W_S288C_02_27_09		1
27	10	YDR219C_S288C_02_27_10		1
27	11	YOR241W_S288C_02_27_11		1
27	12	YGR026W_S288C_02_27_12		1
27	13	YOR113W_S288C_02_27_13		1
27	14	YDR220C_S288C_02_27_14		1
27	15	YOR242C_S288C_02_27_15		1
27	16	YPL091W_S288C_02_27_16		1
27	17	YOR114W_S288C_02_27_17		1
27	18	YDR221W_S288C_02_27_18		1
27	19	YOR243C_S288C_02_27_19		1
27	20	YPL090C_S288C_02_27_20		1
27	21	YOR115C_S288C_02_27_21		1
27	22	YDR222W_S288C_02_27_22		1
27	23	YOR245C_S288C_02_27_23		1
27	24	YPL089C_S288C_02_27_24		1
27	25	YOR118W_S288C_02_27_25		1
27	26	YDR223W_S288C_02_27_26		1
27	27	YOR246C_S288C_02_27_27		1
27	28	YPL088W_S288C_02_27_28		1
27	29	YOR120W_S288C_02_27_29		1
27	30	YDR225W_S288C_02_27_30		1
27	31	YOR247W_S288C_02_27_31		1
27	32	YPL087W_S288C_02_27_32		1
27	33	YOR121C_S288C_02_27_33		1
27	34	YDR226W_S288C_02_27_34		1
27	35	YOR248W_S288C_02_27_35		1
27	36	YPL086C_S288C_02_27_36		1
27	37	YOR123C_S288C_02_27_37		1
27	38	YDR227W_S288C_02_27_38		1
27	39	YOR251C_S288C_02_27_39		1
27	40	YPL084W_S288C_02_27_40		1
27	41	YOR124C_S288C_02_27_41		1
27	42	YDR229W_S288C_02_27_42		1
27	43	YOR252W_S288C_02_27_43		1
27	44	YPL081W_S288C_02_27_44		1
27	45	YOR125C_S288C_02_27_45		1
27	46	YDR230W_S288C_02_27_46		1
27	47	YOR253W_S288C_02_27_47		1
27	48	YPL080C_S288C_02_27_48		1
28	1	YPL158C_S288C_02_28_01		1
28	2	YFR014C_S288C_02_28_02		1
28	3	YNL211C_S288C_02_28_03		1
28	4	YMR086C-A_S288C_02_28_04		1
28	5	YBL094C_S288C_02_28_05		1
28	6	YFR015C_S288C_02_28_06		1
28	7	YNL208W_S288C_02_28_07		1
28	8	YMR086W_S288C_02_28_08		1
28	9	YGL002W_S288C_02_28_09		1
28	10	YFR016C_S288C_02_28_10		1
28	11	YNL206C_S288C_02_28_11		1
28	12	YMR087W_S288C_02_28_12		1
28	13	YGL003C_S288C_02_28_13		1
28	14	YFR017C_S288C_02_28_14		1
28	15	YNL205C_S288C_02_28_15		1
28	16	YMR088C_S288C_02_28_16		1
28	17	YGL004C_S288C_02_28_17		1
28	18	YFR018C_S288C_02_28_18		1
28	19	YNL204C_S288C_02_28_19		1
28	20	YMR089C_S288C_02_28_20		1
28	21	YGL005C_S288C_02_28_21		1
28	22	YFR020W_S288C_02_28_22		1
28	23	YNL202W_S288C_02_28_23		1
28	24	YMR090W_S288C_02_28_24		1
28	25	YGL006W_S288C_02_28_25		1
28	26	YFR021W_S288C_02_28_26		1
28	27	YNL203C_S288C_02_28_27		1
28	28	YMR091C_S288C_02_28_28		1
28	29	YGL007W_S288C_02_28_29		1
28	30	YFR022W_S288C_02_28_30		1
28	31	YNL201C_S288C_02_28_31		1
28	32	YMR092C_S288C_02_28_32		1
28	33	YGL010W_S288C_02_28_33		1
28	34	YFR023W_S288C_02_28_34		1
28	35	YNL200C_S288C_02_28_35		1
28	36	YNR070W_S288C_02_28_36		1
28	37	YGL012W_S288C_02_28_37		1
28	38	YFR024C-A_S288C_02_28_38		1
28	39	YNL199C_S288C_02_28_39		1
28	40	YNR071C_S288C_02_28_40		1
28	41	YGL013C_S288C_02_28_41		1
28	42	YFR026C_S288C_02_28_42		1
28	43	YNL198C_S288C_02_28_43		1
28	44	YNR072W_S288C_02_28_44		1
28	45	YGL014W_S288C_02_28_45		1
28	46	YFR031C-A_S288C_02_28_46		1
28	47	YNL197C_S288C_02_28_47		1
28	48	YNR073C_S288C_02_28_48		1
29	1	YKL047W_S288C_02_29_01		1
29	2	YLR333C_S288C_02_29_02		1
29	3	YKL168C_S288C_02_29_03		1
29	4	YLR280C_S288C_02_29_04		1
29	5	WT_S288C_02_29_05		1
29	6	WT_S288C_02_29_06		1
29	7	WT_S288C_02_29_07		1
29	8	WT_S288C_02_29_08		1
29	9	YKL048C_S288C_02_29_09		1
29	10	YLR335W_S288C_02_29_10		1
29	11	YKL169C_S288C_02_29_11		1
29	12	YLR281C_S288C_02_29_12		1
29	13	YKL050C_S288C_02_29_13		1
29	14	YLR341W_S288C_02_29_14		1
29	15	YKL170W_S288C_02_29_15		1
29	16	YLR282C_S288C_02_29_16		1
29	17	YKL051W_S288C_02_29_17		1
29	18	YLR342W_S288C_02_29_18		1
29	19	YKL171W_S288C_02_29_19		1
29	20	YLR283W_S288C_02_29_20		1
29	21	YKL053W_S288C_02_29_21		1
29	22	YLR344W_S288C_02_29_22		1
29	23	YKL174C_S288C_02_29_23		1
29	24	YLR284C_S288C_02_29_24		1
29	25	YKL054C_S288C_02_29_25		1
29	26	YLR345W_S288C_02_29_26		1
29	27	YKL175W_S288C_02_29_27		1
29	28	YLR285W_S288C_02_29_28		1
29	29	YKL055C_S288C_02_29_29		1
29	30	YLR348C_S288C_02_29_30		1
29	31	YKL176C_S288C_02_29_31		1
29	32	YLR287C_S288C_02_29_32		1
29	33	YKL056C_S288C_02_29_33		1
29	34	YLR349W_S288C_02_29_34		1
29	35	YKL177W_S288C_02_29_35		1
29	36	YLR287-A_S288C_02_29_36		1
29	37	YKL057C_S288C_02_29_37		1
29	38	YLR350W_S288C_02_29_38		1
29	39	YKL178C_S288C_02_29_39		1
29	40	YLR288C_S288C_02_29_40		1
29	41	YKL061W_S288C_02_29_41		1
29	42	YLR351C_S288C_02_29_42		1
29	43	YKL179C_S288C_02_29_43		1
29	44	YLR289W_S288C_02_29_44		1
29	45	YKL062W_S288C_02_29_45		1
29	46	YLR352W_S288C_02_29_46		1
29	47	YKL183W_S288C_02_29_47		1
29	48	YLR290C_S288C_02_29_48		1
30	1	YPR150W_S288C_02_30_01		1
30	2	YDR249C_S288C_02_30_02		1
30	3	YGR235C_S288C_02_30_03		1
30	4	YIL043C_S288C_02_30_04		1
30	5	WT_S288C_02_30_05		1
30	6	WT_S288C_02_30_06		1
30	7	WT_S288C_02_30_07		1
30	8	WT_S288C_02_30_08		1
30	9	YPR152C_S288C_02_30_09		1
30	10	YDR250C_S288C_02_30_10		1
30	11	YGR236C_S288C_02_30_11		1
30	12	YIL044C_S288C_02_30_12		1
30	13	YPR153W_S288C_02_30_13		1
30	14	YDR251W_S288C_02_30_14		1
30	15	YGR237C_S288C_02_30_15		1
30	16	YIL045W_S288C_02_30_16		1
30	17	YPR154W_S288C_02_30_17		1
30	18	YDR252W_S288C_02_30_18		1
30	19	YGR240C_S288C_02_30_19		1
30	20	YIL049W_S288C_02_30_20		1
30	21	YPR155C_S288C_02_30_21		1
30	22	YDR253C_S288C_02_30_22		1
30	23	YGR241C_S288C_02_30_23		1
30	24	YIL050W_S288C_02_30_24		1
30	25	YPR156C_S288C_02_30_25		1
30	26	YDR254W_S288C_02_30_26		1
30	27	YGR242W_S288C_02_30_27		1
30	28	YIL053W_S288C_02_30_28		1
30	29	YPR157W_S288C_02_30_29		1
30	30	YDR255C_S288C_02_30_30		1
30	31	YGR243W_S288C_02_30_31		1
30	32	YIL057C_S288C_02_30_32		1
30	33	YPR158W_S288C_02_30_33		1
30	34	YDR256C_S288C_02_30_34		1
30	35	YGR244C_S288C_02_30_35		1
30	36	YIL064W_S288C_02_30_36		1
30	37	YPR159W_S288C_02_30_37		1
30	38	YDR257C_S288C_02_30_38		1
30	39	YGR247W_S288C_02_30_39		1
30	40	YIL065C_S288C_02_30_40		1
30	41	YPR160W_S288C_02_30_41		1
30	42	YDR258C_S288C_02_30_42		1
30	43	YGR249W_S288C_02_30_43		1
30	44	YIL072W_S288C_02_30_44		1
30	45	YPR163C_S288C_02_30_45		1
30	46	YDR259C_S288C_02_30_46		1
30	47	YBL001C_S288C_02_30_47		1
30	48	YIL073C_S288C_02_30_48		1
31	1	YOR126C_S288C_02_31_01		1
31	2	YDR231C_S288C_02_31_02		1
31	3	YOR255W_S288C_02_31_03		1
31	4	YPL079W_S288C_02_31_04		1
31	5	WT_S288C_02_31_05		1
31	6	WT_S288C_02_31_06		1
31	7	WT_S288C_02_31_07		1
31	8	WT_S288C_02_31_08		1
31	9	YOR127W_S288C_02_31_09		1
31	10	YDR233C_S288C_02_31_10		1
31	11	YOR258W_S288C_02_31_11		1
31	12	YPL078C_S288C_02_31_12		1
31	13	YOR129C_S288C_02_31_13		1
31	14	YDR234W_S288C_02_31_14		1
31	15	YOR263C_S288C_02_31_15		1
31	16	YPL077C_S288C_02_31_16		1
31	17	YOR130C_S288C_02_31_17		1
31	18	YDR237W_S288C_02_31_18		1
31	19	YOR264W_S288C_02_31_19		1
31	20	YPL074W_S288C_02_31_20		1
31	21	YOR131C_S288C_02_31_21		1
31	22	YDR239C_S288C_02_31_22		1
31	23	YOR277C_S288C_02_31_23		1
31	24	YPL072W_S288C_02_31_24		1
31	25	YOR132W_S288C_02_31_25		1
31	26	YDR241W_S288C_02_31_26		1
31	27	YOR279C_S288C_02_31_27		1
31	28	YPL073C_S288C_02_31_28		1
31	29	YOR133W_S288C_02_31_29		1
31	30	YGL194C_S288C_02_31_30		1
31	31	YOR280C_S288C_02_31_31		1
31	32	YPL071C_S288C_02_31_32		1
31	33	YOR134W_S288C_02_31_33		1
31	34	YGL195W_S288C_02_31_34		1
31	35	YOR283W_S288C_02_31_35		1
31	36	YPL070W_S288C_02_31_36		1
31	37	YOR135C_S288C_02_31_37		1
31	38	YGL196W_S288C_02_31_38		1
31	39	YOR284W_S288C_02_31_39		1
31	40	YPL069C_S288C_02_31_40		1
31	41	YOR136W_S288C_02_31_41		1
31	42	YGL197W_S288C_02_31_42		1
31	43	YOR285W_S288C_02_31_43		1
31	44	YPL068C_S288C_02_31_44		1
31	45	YOR137C_S288C_02_31_45		1
31	46	YGL198W_S288C_02_31_46		1
31	47	YOR286W_S288C_02_31_47		1
31	48	YPL067C_S288C_02_31_48		1
32	1	YGL015C_S288C_02_32_01		1
32	2	YGR256W_S288C_02_32_02		1
32	3	YNL196C_S288C_02_32_03		1
32	4	YNR074C_S288C_02_32_04		1
32	5	WT_S288C_02_32_05		1
32	6	WT_S288C_02_32_06		1
32	7	WT_S288C_02_32_07		1
32	8	WT_S288C_02_32_08		1
32	9	YGL016W_S288C_02_32_09		1
32	10	YGR259C_S288C_02_32_10		1
32	11	YNL195C_S288C_02_32_11		1
32	12	YNR075W_S288C_02_32_12		1
32	13	YGL017W_S288C_02_32_13		1
32	14	YGR260W_S288C_02_32_14		1
32	15	YNL194C_S288C_02_32_15		1
32	16	YOL013W-A_S288C_02_32_16		1
32	17	YGL019W_S288C_02_32_17		1
32	18	YGR261C_S288C_02_32_18		1
32	19	YNL193W_S288C_02_32_19		1
32	20	YOL086C_S288C_02_32_20		1
32	21	YGL021W_S288C_02_32_21		1
32	22	YGR263C_S288C_02_32_22		1
32	23	YNL192W_S288C_02_32_23		1
32	24	YOL087C_S288C_02_32_24		1
32	25	YGL023C_S288C_02_32_25		1
32	26	YGR266W_S288C_02_32_26		1
32	27	YNL191W_S288C_02_32_27		1
32	28	YOL088C_S288C_02_32_28		1
32	29	YGL024W_S288C_02_32_29		1
32	30	YGR268C_S288C_02_32_30		1
32	31	YNL190W_S288C_02_32_31		1
32	32	YOL089C_S288C_02_32_32		1
32	33	YGL025C_S288C_02_32_33		1
32	34	YGR269W_S288C_02_32_34		1
32	35	YNL187W_S288C_02_32_35		1
32	36	YOL090W_S288C_02_32_36		1
32	37	YGL026C_S288C_02_32_37		1
32	38	YGR270W_S288C_02_32_38		1
32	39	YNL184C_S288C_02_32_39		1
32	40	YOL091W_S288C_02_32_40		1
32	41	YGL027C_S288C_02_32_41		1
32	42	YGR275W_S288C_02_32_42		1
32	43	YNL183C_S288C_02_32_43		1
32	44	YOL092W_S288C_02_32_44		1
32	45	YGL028C_S288C_02_32_45		1
32	46	YGR279C_S288C_02_32_46		1
32	47	YNL179C_S288C_02_32_47		1
32	48	YOL093W_S288C_02_32_48		1
