Row	Column	Strain	Info	Normalization_group
1	1	YOR202W_Y55_08_01_01		1
1	2	YOR202W_Y55_08_01_02		1
1	3	YOR202W_Y55_08_01_03		1
1	4	YOR202W_Y55_08_01_04		1
1	5	YOR202W_Y55_08_01_05		1
1	6	YOR202W_Y55_08_01_06		1
1	7	YOR202W_Y55_08_01_07		1
1	8	YOR202W_Y55_08_01_08		1
1	9	YOR202W_Y55_08_01_09		1
1	10	YOR202W_Y55_08_01_10		1
1	11	YOR202W_Y55_08_01_11		1
1	12	YOR202W_Y55_08_01_12		1
1	13	YOR202W_Y55_08_01_13		1
1	14	YOR202W_Y55_08_01_14		1
1	15	YOR202W_Y55_08_01_15		1
1	16	YOR202W_Y55_08_01_16		1
1	17	YOR202W_Y55_08_01_17		1
1	18	YOR202W_Y55_08_01_18		1
1	19	YOR202W_Y55_08_01_19		1
1	20	YOR202W_Y55_08_01_20		1
1	21	YOR202W_Y55_08_01_21		1
1	22	YOR202W_Y55_08_01_22		1
1	23	YOR202W_Y55_08_01_23		1
1	24	YOR202W_Y55_08_01_24		1
1	25	YOR202W_Y55_08_01_25		1
1	26	YOR202W_Y55_08_01_26		1
1	27	YOR202W_Y55_08_01_27		1
1	28	YOR202W_Y55_08_01_28		1
1	29	YOR202W_Y55_08_01_29		1
1	30	YOR202W_Y55_08_01_30		1
1	31	YOR202W_Y55_08_01_31		1
1	32	YOR202W_Y55_08_01_32		1
1	33	YOR202W_Y55_08_01_33		1
1	34	YOR202W_Y55_08_01_34		1
1	35	YOR202W_Y55_08_01_35		1
1	36	YOR202W_Y55_08_01_36		1
1	37	YOR202W_Y55_08_01_37		1
1	38	YOR202W_Y55_08_01_38		1
1	39	YOR202W_Y55_08_01_39		1
1	40	YOR202W_Y55_08_01_40		1
1	41	YOR202W_Y55_08_01_41		1
1	42	YOR202W_Y55_08_01_42		1
1	43	YOR202W_Y55_08_01_43		1
1	44	YOR202W_Y55_08_01_44		1
1	45	YOR202W_Y55_08_01_45		1
1	46	YOR202W_Y55_08_01_46		1
1	47	YOR202W_Y55_08_01_47		1
1	48	YOR202W_Y55_08_01_48		1
2	1	YOR202W_Y55_08_02_01		1
2	2	YOR202W_Y55_08_02_02		1
2	3	YOR202W_Y55_08_02_03		1
2	4	YOR202W_Y55_08_02_04		1
2	5	YOR202W_Y55_08_02_05		1
2	6	YOR202W_Y55_08_02_06		1
2	7	YOR202W_Y55_08_02_07		1
2	8	YOR202W_Y55_08_02_08		1
2	9	YOR202W_Y55_08_02_09		1
2	10	YOR202W_Y55_08_02_10		1
2	11	YOR202W_Y55_08_02_11		1
2	12	YOR202W_Y55_08_02_12		1
2	13	YOR202W_Y55_08_02_13		1
2	14	YOR202W_Y55_08_02_14		1
2	15	YOR202W_Y55_08_02_15		1
2	16	YOR202W_Y55_08_02_16		1
2	17	YOR202W_Y55_08_02_17		1
2	18	YOR202W_Y55_08_02_18		1
2	19	YOR202W_Y55_08_02_19		1
2	20	YOR202W_Y55_08_02_20		1
2	21	YOR202W_Y55_08_02_21		1
2	22	YOR202W_Y55_08_02_22		1
2	23	YOR202W_Y55_08_02_23		1
2	24	YOR202W_Y55_08_02_24		1
2	25	YOR202W_Y55_08_02_25		1
2	26	YOR202W_Y55_08_02_26		1
2	27	YOR202W_Y55_08_02_27		1
2	28	YOR202W_Y55_08_02_28		1
2	29	YOR202W_Y55_08_02_29		1
2	30	YOR202W_Y55_08_02_30		1
2	31	YOR202W_Y55_08_02_31		1
2	32	YOR202W_Y55_08_02_32		1
2	33	YOR202W_Y55_08_02_33		1
2	34	YOR202W_Y55_08_02_34		1
2	35	YOR202W_Y55_08_02_35		1
2	36	YOR202W_Y55_08_02_36		1
2	37	YOR202W_Y55_08_02_37		1
2	38	YOR202W_Y55_08_02_38		1
2	39	YOR202W_Y55_08_02_39		1
2	40	YOR202W_Y55_08_02_40		1
2	41	YOR202W_Y55_08_02_41		1
2	42	YOR202W_Y55_08_02_42		1
2	43	YOR202W_Y55_08_02_43		1
2	44	YOR202W_Y55_08_02_44		1
2	45	YOR202W_Y55_08_02_45		1
2	46	YOR202W_Y55_08_02_46		1
2	47	YOR202W_Y55_08_02_47		1
2	48	YOR202W_Y55_08_02_48		1
3	1	YOR202W_Y55_08_03_01		1
3	2	YOR202W_Y55_08_03_02		1
3	3	YLR217W_Y55_08_03_03		1
3	4	YMR044W_Y55_08_03_04		1
3	5	YLR330W_Y55_08_03_05		1
3	6	YMR158C-B_Y55_08_03_06		1
3	7	YLR216C_Y55_08_03_07		1
3	8	YMR042W_Y55_08_03_08		1
3	9	YLR329W_Y55_08_03_09		1
3	10	YMR157C_Y55_08_03_10		1
3	11	YLR214W_Y55_08_03_11		1
3	12	YMR041C_Y55_08_03_12		1
3	13	YLR328W_Y55_08_03_13		1
3	14	YMR156C_Y55_08_03_14		1
3	15	YLR213C_Y55_08_03_15		1
3	16	YMR040W_Y55_08_03_16		1
3	17	YLR327C_Y55_08_03_17		1
3	18	YMR155W_Y55_08_03_18		1
3	19	YLR211C_Y55_08_03_19		1
3	20	YMR039C_Y55_08_03_20		1
3	21	YLR326W_Y55_08_03_21		1
3	22	YMR154C_Y55_08_03_22		1
3	23	YLR210W_Y55_08_03_23		1
3	24	YMR038C_Y55_08_03_24		1
3	25	YLR325C_Y55_08_03_25		1
3	26	YMR153W_Y55_08_03_26		1
3	27	YLR209C_Y55_08_03_27		1
3	28	YMR037C_Y55_08_03_28		1
3	29	YLR324W_Y55_08_03_29		1
3	30	YMR153C-A_Y55_08_03_30		1
3	31	YLR207W_Y55_08_03_31		1
3	32	YMR036C_Y55_08_03_32		1
3	33	YLR320W_Y55_08_03_33		1
3	34	YMR152W_Y55_08_03_34		1
3	35	YLR206W_Y55_08_03_35		1
3	36	YMR035W_Y55_08_03_36		1
3	37	YLR319C_Y55_08_03_37		1
3	38	YMR148W_Y55_08_03_38		1
3	39	YLR205C_Y55_08_03_39		1
3	40	YMR034C_Y55_08_03_40		1
3	41	YLR318W_Y55_08_03_41		1
3	42	YMR147W_Y55_08_03_42		1
3	43	YLR200W_Y55_08_03_43		1
3	44	YMR031W-A_Y55_08_03_44		1
3	45	YLR315W_Y55_08_03_45		1
3	46	YMR145C_Y55_08_03_46		1
3	47	YOR202W_Y55_08_03_47		1
3	48	YOR202W_Y55_08_03_48		1
4	1	YOR202W_Y55_08_04_01		1
4	2	YOR202W_Y55_08_04_02		1
4	3	YNL146W_Y55_08_04_03		1
4	4	YOR006C_Y55_08_04_04		1
4	5	YNL274C_Y55_08_04_05		1
4	6	YOR097C_Y55_08_04_06		1
4	7	YNL145W_Y55_08_04_07		1
4	8	YOR005C_Y55_08_04_08		1
4	9	YNL273W_Y55_08_04_09		1
4	10	YOR094W_Y55_08_04_10		1
4	11	YNL144C_Y55_08_04_11		1
4	12	YOR003W_Y55_08_04_12		1
4	13	YNL271C_Y55_08_04_13		1
4	14	YOR093C_Y55_08_04_14		1
4	15	YNL143C_Y55_08_04_15		1
4	16	YOR002W_Y55_08_04_16		1
4	17	YNL270C_Y55_08_04_17		1
4	18	YOR092W_Y55_08_04_18		1
4	19	YNL142W_Y55_08_04_19		1
4	20	YOR001W_Y55_08_04_20		1
4	21	YNL268W_Y55_08_04_21		1
4	22	YOR091W_Y55_08_04_22		1
4	23	YNL141W_Y55_08_04_23		1
4	24	YOL163W_Y55_08_04_24		1
4	25	YNL266W_Y55_08_04_25		1
4	26	YOR090C_Y55_08_04_26		1
4	27	YNL140C_Y55_08_04_27		1
4	28	YOL162W_Y55_08_04_28		1
4	29	YNL265C_Y55_08_04_29		1
4	30	YOR089C_Y55_08_04_30		1
4	31	YNL136W_Y55_08_04_31		1
4	32	YOL160W_Y55_08_04_32		1
4	33	YNL259C_Y55_08_04_33		1
4	34	YOR088W_Y55_08_04_34		1
4	35	YNL135C_Y55_08_04_35		1
4	36	YOL159C_Y55_08_04_36		1
4	37	YNL257C_Y55_08_04_37		1
4	38	YOR087W_Y55_08_04_38		1
4	39	YNL134C_Y55_08_04_39		1
4	40	YOL158C_Y55_08_04_40		1
4	41	YNL255C_Y55_08_04_41		1
4	42	YOR086C_Y55_08_04_42		1
4	43	YNL130C_Y55_08_04_43		1
4	44	YOL155C_Y55_08_04_44		1
4	45	YNL254C_Y55_08_04_45		1
4	46	YOR085W_Y55_08_04_46		1
4	47	YOR202W_Y55_08_04_47		1
4	48	YOR202W_Y55_08_04_48		1
5	1	YOR202W_Y55_08_05_01		1
5	2	YOR202W_Y55_08_05_02		1
5	3	YLL057C_Y55_08_05_03		1
5	4	YLR428C_Y55_08_05_04		1
5	5	YLR098C_Y55_08_05_05		1
5	6	YML062C_Y55_08_05_06		1
5	7	YLL056C_Y55_08_05_07		1
5	8	YLR427W_Y55_08_05_08		1
5	9	YLR097C_Y55_08_05_09		1
5	10	YML060W_Y55_08_05_10		1
5	11	YLL055W_Y55_08_05_11		1
5	12	YLR426W_Y55_08_05_12		1
5	13	YLR096W_Y55_08_05_13		1
5	14	YML059C_Y55_08_05_14		1
5	15	YLL054C_Y55_08_05_15		1
5	16	YLR425W_Y55_08_05_16		1
5	17	YLR095C_Y55_08_05_17		1
5	18	YML058W_Y55_08_05_18		1
5	19	YLL053C_Y55_08_05_19		1
5	20	YLR423C_Y55_08_05_20		1
5	21	YLR094C_Y55_08_05_21		1
5	22	YML058C-A_Y55_08_05_22		1
5	23	YLL052C_Y55_08_05_23		1
5	24	YLR422W_Y55_08_05_24		1
5	25	YLR093C_Y55_08_05_25		1
5	26	YML057W_Y55_08_05_26		1
5	27	YLL051C_Y55_08_05_27		1
5	28	YLR421C_Y55_08_05_28		1
5	29	YLR092W_Y55_08_05_29		1
5	30	YML056C_Y55_08_05_30		1
5	31	YLL049W_Y55_08_05_31		1
5	32	YLR420W_Y55_08_05_32		1
5	33	YLR091W_Y55_08_05_33		1
5	34	YML055W_Y55_08_05_34		1
5	35	YLL048C_Y55_08_05_35		1
5	36	YLR418C_Y55_08_05_36		1
5	37	YLR090W_Y55_08_05_37		1
5	38	YML054C_Y55_08_05_38		1
5	39	YLL047W_Y55_08_05_39		1
5	40	YLR416C_Y55_08_05_40		1
5	41	YLR089C_Y55_08_05_41		1
5	42	YML053C_Y55_08_05_42		1
5	43	YLL046C_Y55_08_05_43		1
5	44	YLR415C_Y55_08_05_44		1
5	45	YLR087C_Y55_08_05_45		1
5	46	YML052W_Y55_08_05_46		1
5	47	YOR202W_Y55_08_05_47		1
5	48	YOR202W_Y55_08_05_48		1
6	1	YOR202W_Y55_08_06_01		1
6	2	YOR202W_Y55_08_06_02		1
6	3	YMR255W_Y55_08_06_03		1
6	4	YNR031C_Y55_08_06_04		1
6	5	YNL035C_Y55_08_06_05		1
6	6	YOL055C_Y55_08_06_06		1
6	7	YMR254C_Y55_08_06_07		1
6	8	YNR030W_Y55_08_06_08		1
6	9	YNL034W_Y55_08_06_09		1
6	10	YOL054W_Y55_08_06_10		1
6	11	YMR253C_Y55_08_06_11		1
6	12	YNR029C_Y55_08_06_12		1
6	13	YNL032W_Y55_08_06_13		1
6	14	YOL053W_Y55_08_06_14		1
6	15	YMR252C_Y55_08_06_15		1
6	16	YNR028W_Y55_08_06_16		1
6	17	YNL031C_Y55_08_06_17		1
6	18	YOL053C-A_Y55_08_06_18		1
6	19	YMR251W-A_Y55_08_06_19		1
6	20	YNR027W_Y55_08_06_20		1
6	21	YNL030W_Y55_08_06_21		1
6	22	YOL052C_Y55_08_06_22		1
6	23	YMR251W_Y55_08_06_23		1
6	24	YNR025C_Y55_08_06_24		1
6	25	YNL029C_Y55_08_06_25		1
6	26	YOL050C_Y55_08_06_26		1
6	27	YMR250W_Y55_08_06_27		1
6	28	YNR024W_Y55_08_06_28		1
6	29	YNL028W_Y55_08_06_29		1
6	30	YOL049W_Y55_08_06_30		1
6	31	YMR247C_Y55_08_06_31		1
6	32	YNR022C_Y55_08_06_32		1
6	33	YNL027W_Y55_08_06_33		1
6	34	YOL048C_Y55_08_06_34		1
6	35	YMR246W_Y55_08_06_35		1
6	36	YNR021W_Y55_08_06_36		1
6	37	YNL024C_Y55_08_06_37		1
6	38	YOL047C_Y55_08_06_38		1
6	39	YMR245W_Y55_08_06_39		1
6	40	YNR020C_Y55_08_06_40		1
6	41	YNL023C_Y55_08_06_41		1
6	42	YOL046C_Y55_08_06_42		1
6	43	YMR244W_Y55_08_06_43		1
6	44	YNR019W_Y55_08_06_44		1
6	45	YNL022C_Y55_08_06_45		1
6	46	YOL045W_Y55_08_06_46		1
6	47	YOR202W_Y55_08_06_47		1
6	48	YOR202W_Y55_08_06_48		1
7	1	YOR202W_Y55_08_07_01		1
7	2	YOR202W_Y55_08_07_02		1
7	3	YLR234W_Y55_08_07_03		1
7	4	YMR063W_Y55_08_07_04		1
7	5	YLR345W_Y55_08_07_05		1
7	6	YMR170C_Y55_08_07_06		1
7	7	YLR233C_Y55_08_07_07		1
7	8	YMR060C_Y55_08_07_08		1
7	9	YLR344W_Y55_08_07_09		1
7	10	YMR169c_Y55_08_07_10		1
7	11	YLR232W_Y55_08_07_11		1
7	12	YMR058W_Y55_08_07_12		1
7	13	YLR343W_Y55_08_07_13		1
7	14	YMR167W_Y55_08_07_14		1
7	15	YLR231C_Y55_08_07_15		1
7	16	YMR057C_Y55_08_07_16		1
7	17	YLR342W_Y55_08_07_17		1
7	18	YMR166C_Y55_08_07_18		1
7	19	YLR228C_Y55_08_07_19		1
7	20	YMR056C_Y55_08_07_20		1
7	21	YLR341W_Y55_08_07_21		1
7	22	YMR164C_Y55_08_07_22		1
7	23	YLR225C_Y55_08_07_23		1
7	24	YMR055C_Y55_08_07_24		1
7	25	YLR338W_Y55_08_07_25		1
7	26	YMR163C_Y55_08_07_26		1
7	27	YLR224W_Y55_08_07_27		1
7	28	YMR054W_Y55_08_07_28		1
7	29	YLR337C_Y55_08_07_29		1
7	30	YMR162C_Y55_08_07_30		1
7	31	YLR221C_Y55_08_07_31		1
7	32	YMR053C_Y55_08_07_32		1
7	33	YLR335W_Y55_08_07_33		1
7	34	YMR161W_Y55_08_07_34		1
7	35	YLR220W_Y55_08_07_35		1
7	36	YMR052W_Y55_08_07_36		1
7	37	YLR334C_Y55_08_07_37		1
7	38	YMR160W_Y55_08_07_38		1
7	39	YLR219W_Y55_08_07_39		1
7	40	YMR052C-A_Y55_08_07_40		1
7	41	YLR333C_Y55_08_07_41		1
7	42	YMR159C_Y55_08_07_42		1
7	43	YLR218C_Y55_08_07_43		1
7	44	YMR048W_Y55_08_07_44		1
7	45	YLR332W_Y55_08_07_45		1
7	46	YMR158W-A_Y55_08_07_46		1
7	47	YOR202W_Y55_08_07_47		1
7	48	YOR202W_Y55_08_07_48		1
8	1	YOR202W_Y55_08_08_01		1
8	2	YOR202W_Y55_08_08_02		1
8	3	YNL167C_Y55_08_08_03		1
8	4	YOR016C_Y55_08_08_04		1
8	5	YNL289W_Y55_08_08_05		1
8	6	YOR112W_Y55_08_08_06		1
8	7	YNL166C_Y55_08_08_07		1
8	8	YOR015W_Y55_08_08_08		1
8	9	YNL288W_Y55_08_08_09		1
8	10	YOR111W_Y55_08_08_10		1
8	11	YNL165W_Y55_08_08_11		1
8	12	YOR014W_Y55_08_08_12		1
8	13	YNL286W_Y55_08_08_13		1
8	14	YOR109W_Y55_08_08_14		1
8	15	YNL164C_Y55_08_08_15		1
8	16	YOR013W_Y55_08_08_16		1
8	17	YNL285W_Y55_08_08_17		1
8	18	YOR108W_Y55_08_08_18		1
8	19	YNL162W_Y55_08_08_19		1
8	20	YOR012W_Y55_08_08_20		1
8	21	YNL283C_Y55_08_08_21		1
8	22	YOR107W_Y55_08_08_22		1
8	23	YNL159C_Y55_08_08_23		1
8	24	YOR011W_Y55_08_08_24		1
8	25	YNL281W_Y55_08_08_25		1
8	26	YOR106W_Y55_08_08_26		1
8	27	YNL157W_Y55_08_08_27		1
8	28	YOR010C_Y55_08_08_28		1
8	29	YNL280C_Y55_08_08_29		1
8	30	YOR105W_Y55_08_08_30		1
8	31	YNL156C_Y55_08_08_31		1
8	32	YOR009W_Y55_08_08_32		1
8	33	YNL279W_Y55_08_08_33		1
8	34	YOR104W_Y55_08_08_34		1
8	35	YNL155W_Y55_08_08_35		1
8	36	YOR008C-A_Y55_08_08_36		1
8	37	YNL278W_Y55_08_08_37		1
8	38	YOR101W_Y55_08_08_38		1
8	39	YNL154C_Y55_08_08_39		1
8	40	YOR008C_Y55_08_08_40		1
8	41	YNL277W_Y55_08_08_41		1
8	42	YOR100C_Y55_08_08_42		1
8	43	YNL153C_Y55_08_08_43		1
8	44	YOR007C_Y55_08_08_44		1
8	45	YNL275W_Y55_08_08_45		1
8	46	YOR099W_Y55_08_08_46		1
8	47	YOR202W_Y55_08_08_47		1
8	48	YOR202W_Y55_08_08_48		1
9	1	YOR202W_Y55_08_09_01		1
9	2	YOR202W_Y55_08_09_02		1
9	3	YLR011W_Y55_08_09_03		1
9	4	YLR442C_Y55_08_09_04		1
9	5	YLR114C_Y55_08_09_05		1
9	6	YML081C-A_Y55_08_09_06		1
9	7	YLR006C_Y55_08_09_07		1
9	8	YLR441C_Y55_08_09_08		1
9	9	YLR113W_Y55_08_09_09		1
9	10	YML076C_Y55_08_09_10		1
9	11	YLR004C_Y55_08_09_11		1
9	12	YLR438W_Y55_08_09_12		1
9	13	YLR112W_Y55_08_09_13		1
9	14	YML075C_Y55_08_09_14		1
9	15	YLR003C_Y55_08_09_15		1
9	16	YLR437C_Y55_08_09_16		1
9	17	YLR111W_Y55_08_09_17		1
9	18	YML074C_Y55_08_09_18		1
9	19	YLR001C_Y55_08_09_19		1
9	20	YLR436C_Y55_08_09_20		1
9	21	YLR110C_Y55_08_09_21		1
9	22	YML072C_Y55_08_09_22		1
9	23	YLL063C_Y55_08_09_23		1
9	24	YLR435W_Y55_08_09_24		1
9	25	YLR109W_Y55_08_09_25		1
9	26	YML071C_Y55_08_09_26		1
9	27	YLL062C_Y55_08_09_27		1
9	28	YLR434C_Y55_08_09_28		1
9	29	YLR108C_Y55_08_09_29		1
9	30	YML070W_Y55_08_09_30		1
9	31	YLL061W_Y55_08_09_31		1
9	32	YLR433C_Y55_08_09_32		1
9	33	YLR107W_Y55_08_09_33		1
9	34	YML068W_Y55_08_09_34		1
9	35	YLL060C_Y55_08_09_35		1
9	36	YLR432W_Y55_08_09_36		1
9	37	YLR104W_Y55_08_09_37		1
9	38	YML067C_Y55_08_09_38		1
9	39	YLL059C_Y55_08_09_39		1
9	40	YLR431C_Y55_08_09_40		1
9	41	YLR102C_Y55_08_09_41		1
9	42	YML066C_Y55_08_09_42		1
9	43	YLL058W_Y55_08_09_43		1
9	44	YLR429W_Y55_08_09_44		1
9	45	YLR099C_Y55_08_09_45		1
9	46	YML063W_Y55_08_09_46		1
9	47	YOR202W_Y55_08_09_47		1
9	48	YOR202W_Y55_08_09_48		1
10	1	YOR202W_Y55_08_10_01		1
10	2	YOR202W_Y55_08_10_02		1
10	3	YMR271C_Y55_08_10_03		1
10	4	YNR050C_Y55_08_10_04		1
10	5	YNL052W_Y55_08_10_05		1
10	6	YOL067C_Y55_08_10_06		1
10	7	YMR269W_Y55_08_10_07		1
10	8	YNR049C_Y55_08_10_08		1
10	9	YNL051W_Y55_08_10_09		1
10	10	YOL065C_Y55_08_10_10		1
10	11	YMR266W_Y55_08_10_11		1
10	12	YNR048W_Y55_08_10_12		1
10	13	YNL050C_Y55_08_10_13		1
10	14	YOL064C_Y55_08_10_14		1
10	15	YMR265C_Y55_08_10_15		1
10	16	YNR047W_Y55_08_10_16		1
10	17	YNL049C_Y55_08_10_17		1
10	18	YOL063C_Y55_08_10_18		1
10	19	YMR264W_Y55_08_10_19		1
10	20	YNR045W_Y55_08_10_20		1
10	21	YNL046W_Y55_08_10_21		1
10	22	YOL062C_Y55_08_10_22		1
10	23	YMR263W_Y55_08_10_23		1
10	24	YNR042W_Y55_08_10_24		1
10	25	YNL045W_Y55_08_10_25		1
10	26	YOL061W_Y55_08_10_26		1
10	27	YMR262W_Y55_08_10_27		1
10	28	YNR040W_Y55_08_10_28		1
10	29	YNL044W_Y55_08_10_29		1
10	30	YOL060C_Y55_08_10_30		1
10	31	YMR261C_Y55_08_10_31		1
10	32	YNR039C_Y55_08_10_32		1
10	33	YNL043C_Y55_08_10_33		1
10	34	YOL059W_Y55_08_10_34		1
10	35	YMR259C_Y55_08_10_35		1
10	36	YNR034W_Y55_08_10_36		1
10	37	YNL041C_Y55_08_10_37		1
10	38	YOL058W_Y55_08_10_38		1
10	39	YMR258C_Y55_08_10_39		1
10	40	YNR032W_Y55_08_10_40		1
10	41	YNL040W_Y55_08_10_41		1
10	42	YOL057W_Y55_08_10_42		1
10	43	YMR256C_Y55_08_10_43		1
10	44	YNR032C-A_Y55_08_10_44		1
10	45	YNL037C_Y55_08_10_45		1
10	46	YOL056W_Y55_08_10_46		1
10	47	YOR202W_Y55_08_10_47		1
10	48	YOR202W_Y55_08_10_48		1
11	1	YOR202W_Y55_08_11_01		1
11	2	YOR202W_Y55_08_11_02		1
11	3	YLR251W_Y55_08_11_03		1
11	4	YMR086C-A_Y55_08_11_04		1
11	5	YLR360W_Y55_08_11_05		1
11	6	YMR179W_Y55_08_11_06		1
11	7	YLR250W_Y55_08_11_07		1
11	8	YMR085W_Y55_08_11_08		1
11	9	YLR357W_Y55_08_11_09		1
11	10	YMR178W_Y55_08_11_10		1
11	11	YLR248W_Y55_08_11_11		1
11	12	YMR080C_Y55_08_11_12		1
11	13	YLR356W_Y55_08_11_13		1
11	14	YMR177W_Y55_08_11_14		1
11	15	YLR247C_Y55_08_11_15		1
11	16	YMR078C_Y55_08_11_16		1
11	17	YLR354C_Y55_08_11_17		1
11	18	YMR176W_Y55_08_11_18		1
11	19	YLR246W_Y55_08_11_19		1
11	20	YMR075W_Y55_08_11_20		1
11	21	YLR353W_Y55_08_11_21		1
11	22	YMR175w_Y55_08_11_22		1
11	23	YLR242C_Y55_08_11_23		1
11	24	YMR075C-A_Y55_08_11_24		1
11	25	YLR352W_Y55_08_11_25		1
11	26	YMR174C_Y55_08_11_26		1
11	27	YLR241W_Y55_08_11_27		1
11	28	YMR073C_Y55_08_11_28		1
11	29	YLR351C_Y55_08_11_29		1
11	30	YMR173W-A_Y55_08_11_30		1
11	31	YLR239C_Y55_08_11_31		1
11	32	YMR070W_Y55_08_11_32		1
11	33	YLR350W_Y55_08_11_33		1
11	34	YMR173W_Y55_08_11_34		1
11	35	YLR237W_Y55_08_11_35		1
11	36	YMR068W_Y55_08_11_36		1
11	37	YLR349W_Y55_08_11_37		1
11	38	YMR172W_Y55_08_11_38		1
11	39	YLR236C_Y55_08_11_39		1
11	40	YMR067C_Y55_08_11_40		1
11	41	YLR348C_Y55_08_11_41		1
11	42	YMR172C-A_Y55_08_11_42		1
11	43	YLR235C_Y55_08_11_43		1
11	44	YMR065W_Y55_08_11_44		1
11	45	YLR346C_Y55_08_11_45		1
11	46	YMR171C_Y55_08_11_46		1
11	47	YOR202W_Y55_08_11_47		1
11	48	YOR202W_Y55_08_11_48		1
12	1	YOR202W_Y55_08_12_01		1
12	2	YOR202W_Y55_08_12_02		1
12	3	YNL190W_Y55_08_12_03		1
12	4	YOR028C_Y55_08_12_04		1
12	5	YNL301C_Y55_08_12_05		1
12	6	YOR129C_Y55_08_12_06		1
12	7	YNL187W_Y55_08_12_07		1
12	8	YOR027W_Y55_08_12_08		1
12	9	YNL300W_Y55_08_12_09		1
12	10	YOR127W_Y55_08_12_10		1
12	11	YNL183C_Y55_08_12_11		1
12	12	YOR026W_Y55_08_12_12		1
12	13	YNL299W_Y55_08_12_13		1
12	14	YOR126C_Y55_08_12_14		1
12	15	YNL179C_Y55_08_12_15		1
12	16	YOR025W_Y55_08_12_16		1
12	17	YNL298W_Y55_08_12_17		1
12	18	YOR124C_Y55_08_12_18		1
12	19	YNL176C_Y55_08_12_19		1
12	20	YOR024W_Y55_08_12_20		1
12	21	YNL297C_Y55_08_12_21		1
12	22	YOR123C_Y55_08_12_22		1
12	23	YNL175C_Y55_08_12_23		1
12	24	YOR023C_Y55_08_12_24		1
12	25	YNL296W_Y55_08_12_25		1
12	26	YOR121C_Y55_08_12_26		1
12	27	YNL173C_Y55_08_12_27		1
12	28	YOR022C_Y55_08_12_28		1
12	29	YNL295W_Y55_08_12_29		1
12	30	YOR120W_Y55_08_12_30		1
12	31	YNL171C_Y55_08_12_31		1
12	32	YOR021C_Y55_08_12_32		1
12	33	YNL294C_Y55_08_12_33		1
12	34	YOR118W_Y55_08_12_34		1
12	35	YNL170W_Y55_08_12_35		1
12	36	YOR019W_Y55_08_12_36		1
12	37	YNL293W_Y55_08_12_37		1
12	38	YOR115C_Y55_08_12_38		1
12	39	YNL169C_Y55_08_12_39		1
12	40	YOR018W_Y55_08_12_40		1
12	41	YNL292W_Y55_08_12_41		1
12	42	YOR114W_Y55_08_12_42		1
12	43	YNL168C_Y55_08_12_43		1
12	44	YOR017W_Y55_08_12_44		1
12	45	YNL291C_Y55_08_12_45		1
12	46	YOR113W_Y55_08_12_46		1
12	47	YOR202W_Y55_08_12_47		1
12	48	YOR202W_Y55_08_12_48		1
13	1	YOR202W_Y55_08_13_01		1
13	2	YOR202W_Y55_08_13_02		1
13	3	YLR023C_Y55_08_13_03		1
13	4	YLR454W_Y55_08_13_04		1
13	5	YLR130C_Y55_08_13_05		1
13	6	YML102W_Y55_08_13_06		1
13	7	YLR021W_Y55_08_13_07		1
13	8	YLR453C_Y55_08_13_08		1
13	9	YLR128W_Y55_08_13_09		1
13	10	YML102C-A_Y55_08_13_10		1
13	11	YLR020C_Y55_08_13_11		1
13	12	YLR452C_Y55_08_13_12		1
13	13	YLR126C_Y55_08_13_13		1
13	14	YML101C_Y55_08_13_14		1
13	15	YLR019W_Y55_08_13_15		1
13	16	YLR451W_Y55_08_13_16		1
13	17	YLR125W_Y55_08_13_17		1
13	18	YML100W-A_Y55_08_13_18		1
13	19	YLR018C_Y55_08_13_19		1
13	20	YLR450W_Y55_08_13_20		1
13	21	YLR124W_Y55_08_13_21		1
13	22	YML100W_Y55_08_13_22		1
13	23	YLR017W_Y55_08_13_23		1
13	24	YLR449W_Y55_08_13_24		1
13	25	YLR123C_Y55_08_13_25		1
13	26	YML099C_Y55_08_13_26		1
13	27	YLR016C_Y55_08_13_27		1
13	28	YLR448W_Y55_08_13_28		1
13	29	YLR122C_Y55_08_13_29		1
13	30	YML097C_Y55_08_13_30		1
13	31	YLR015W_Y55_08_13_31		1
13	32	YLR446W_Y55_08_13_32		1
13	33	YLR121C_Y55_08_13_33		1
13	34	YML096W_Y55_08_13_34		1
13	35	YLR014C_Y55_08_13_35		1
13	36	YLR445W_Y55_08_13_36		1
13	37	YLR120C_Y55_08_13_37		1
13	38	YML095C_Y55_08_13_38		1
13	39	YLR013W_Y55_08_13_39		1
13	40	YLR444C_Y55_08_13_40		1
13	41	YLR119W_Y55_08_13_41		1
13	42	YML094W_Y55_08_13_42		1
13	43	YLR012C_Y55_08_13_43		1
13	44	YLR443W_Y55_08_13_44		1
13	45	YLR118C_Y55_08_13_45		1
13	46	YML090W_Y55_08_13_46		1
13	47	YOR202W_Y55_08_13_47		1
13	48	YOR202W_Y55_08_13_48		1
14	1	YOR202W_Y55_08_14_01		1
14	2	YOR202W_Y55_08_14_02		1
14	3	YMR284W_Y55_08_14_03		1
14	4	YNR064C_Y55_08_14_04		1
14	5	YNL068C_Y55_08_14_05		1
14	6	YOL085C_Y55_08_14_06		1
14	7	YMR283C_Y55_08_14_07		1
14	8	YNR063W_Y55_08_14_08		1
14	9	YNL067W_Y55_08_14_09		1
14	10	YOL084W_Y55_08_14_10		1
14	11	YMR282C_Y55_08_14_11		1
14	12	YNR062C_Y55_08_14_12		1
14	13	YNL066W_Y55_08_14_13		1
14	14	YOL083W_Y55_08_14_14		1
14	15	YMR280C_Y55_08_14_15		1
14	16	YNR061C_Y55_08_14_16		1
14	17	YNL065W_Y55_08_14_17		1
14	18	YOL082W_Y55_08_14_18		1
14	19	YMR279C_Y55_08_14_19		1
14	20	YNR060W_Y55_08_14_20		1
14	21	YJR109C_Y55_08_14_21		1
14	22	YOL081W_Y55_08_14_22		1
14	23	YMR278W_Y55_08_14_23		1
14	24	YNR059W_Y55_08_14_24		1
14	25	YNL064C_Y55_08_14_25		1
14	26	YOL080C_Y55_08_14_26		1
14	27	YMR276W_Y55_08_14_27		1
14	28	YNR058W_Y55_08_14_28		1
14	29	YNL063W_Y55_08_14_29		1
14	30	YOL079W_Y55_08_14_30		1
14	31	YMR275C_Y55_08_14_31		1
14	32	YNR057C_Y55_08_14_32		1
14	33	YNL058C_Y55_08_14_33		1
14	34	YOL075C_Y55_08_14_34		1
14	35	YMR274C_Y55_08_14_35		1
14	36	YNR056C_Y55_08_14_36		1
14	37	YNL057W_Y55_08_14_37		1
14	38	YOL071W_Y55_08_14_38		1
14	39	YMR273C_Y55_08_14_39		1
14	40	YNR055C_Y55_08_14_40		1
14	41	YNL056W_Y55_08_14_41		1
14	42	YOL070C_Y55_08_14_42		1
14	43	YMR272C_Y55_08_14_43		1
14	44	YNR051C_Y55_08_14_44		1
14	45	YNL054W_Y55_08_14_45		1
14	46	YOL068C_Y55_08_14_46		1
14	47	YOR202W_Y55_08_14_47		1
14	48	YOR202W_Y55_08_14_48		1
15	1	YOR202W_Y55_08_15_01		1
15	2	YOR202W_Y55_08_15_02		1
15	3	YLR264W_Y55_08_15_03		1
15	4	YMR103C_Y55_08_15_04		1
15	5	YLR372W_Y55_08_15_05		1
15	6	YMR192W_Y55_08_15_06		1
15	7	YLR263W_Y55_08_15_07		1
15	8	YMR102C_Y55_08_15_08		1
15	9	YLR371W_Y55_08_15_09		1
15	10	YMR191W_Y55_08_15_10		1
15	11	YLR262C-A_Y55_08_15_11		1
15	12	YMR101C_Y55_08_15_12		1
15	13	YLR370C_Y55_08_15_13		1
15	14	YMR190C_Y55_08_15_14		1
15	15	YLR262C_Y55_08_15_15		1
15	16	YMR100W_Y55_08_15_16		1
15	17	YLR368W_Y55_08_15_17		1
15	18	YMR189W_Y55_08_15_18		1
15	19	YLR261C_Y55_08_15_19		1
15	20	YMR099C_Y55_08_15_20		1
15	21	YLR367W_Y55_08_15_21		1
15	22	YMR188C_Y55_08_15_22		1
15	23	YLR258W_Y55_08_15_23		1
15	24	YMR096W_Y55_08_15_24		1
15	25	YLR366W_Y55_08_15_25		1
15	26	YMR187C_Y55_08_15_26		1
15	27	YLR257W_Y55_08_15_27		1
15	28	YMR095C_Y55_08_15_28		1
15	29	YLR365W_Y55_08_15_29		1
15	30	YMR186W_Y55_08_15_30		1
15	31	YLR255C_Y55_08_15_31		1
15	32	YMR092C_Y55_08_15_32		1
15	33	YLR364W_Y55_08_15_33		1
15	34	YMR183C_Y55_08_15_34		1
15	35	YLR254C_Y55_08_15_35		1
15	36	YMR088C_Y55_08_15_36		1
15	37	YLR363C_Y55_08_15_37		1
15	38	YMR182C_Y55_08_15_38		1
15	39	YLR253W_Y55_08_15_39		1
15	40	YMR087W_Y55_08_15_40		1
15	41	YLR362W_Y55_08_15_41		1
15	42	YMR181C_Y55_08_15_42		1
15	43	YLR252W_Y55_08_15_43		1
15	44	YMR086W_Y55_08_15_44		1
15	45	YLR361C_Y55_08_15_45		1
15	46	YMR180C_Y55_08_15_46		1
15	47	YOR202W_Y55_08_15_47		1
15	48	YOR202W_Y55_08_15_48		1
16	1	YOR202W_Y55_08_16_01		1
16	2	YOR202W_Y55_08_16_02		1
16	3	YNL201C_Y55_08_16_03		1
16	4	YOR040W_Y55_08_16_04		1
16	5	YNL318C_Y55_08_16_05		1
16	6	YOR141C_Y55_08_16_06		1
16	7	YNL200C_Y55_08_16_07		1
16	8	YOR039W_Y55_08_16_08		1
16	9	YNL316C_Y55_08_16_09		1
16	10	YOR140W_Y55_08_16_10		1
16	11	YNL199C_Y55_08_16_11		1
16	12	YOR038C_Y55_08_16_12		1
16	13	YNL315C_Y55_08_16_13		1
16	14	YOR139C_Y55_08_16_14		1
16	15	YNL198C_Y55_08_16_15		1
16	16	YOR037W_Y55_08_16_16		1
16	17	YNL314W_Y55_08_16_17		1
16	18	YOR138C_Y55_08_16_18		1
16	19	YNL197C_Y55_08_16_19		1
16	20	YOR035C_Y55_08_16_20		1
16	21	YNL311C_Y55_08_16_21		1
16	22	YOR137C_Y55_08_16_22		1
16	23	YNL196C_Y55_08_16_23		1
16	24	YOR034C_Y55_08_16_24		1
16	25	YNL309W_Y55_08_16_25		1
16	26	YOR136W_Y55_08_16_26		1
16	27	YNL195C_Y55_08_16_27		1
16	28	YOR033C_Y55_08_16_28		1
16	29	YNL307C_Y55_08_16_29		1
16	30	YOR135C_Y55_08_16_30		1
16	31	YNL194C_Y55_08_16_31		1
16	32	YOR032C_Y55_08_16_32		1
16	33	YNL305C_Y55_08_16_33		1
16	34	YOR134W_Y55_08_16_34		1
16	35	YNL193W_Y55_08_16_35		1
16	36	YOR031W_Y55_08_16_36		1
16	37	YNL304W_Y55_08_16_37		1
16	38	YOR133W_Y55_08_16_38		1
16	39	YNL192W_Y55_08_16_39		1
16	40	YOR030W_Y55_08_16_40		1
16	41	YNL303W_Y55_08_16_41		1
16	42	YOR132W_Y55_08_16_42		1
16	43	YNL191W_Y55_08_16_43		1
16	44	YOR029W_Y55_08_16_44		1
16	45	YNL302C_Y55_08_16_45		1
16	46	YOR131C_Y55_08_16_46		1
16	47	YOR202W_Y55_08_16_47		1
16	48	YOR202W_Y55_08_16_48		1
17	1	YOR202W_Y55_08_17_01		1
17	2	YOR202W_Y55_08_17_02		1
17	3	YLR039C_Y55_08_17_03		1
17	4	YML007W_Y55_08_17_04		1
17	5	YLR146C_Y55_08_17_05		1
17	6	YML118W_Y55_08_17_06		1
17	7	YLR038C_Y55_08_17_07		1
17	8	YML006C_Y55_08_17_08		1
17	9	YLR144C_Y55_08_17_09		1
17	10	YML117W-A_Y55_08_17_10		1
17	11	YLR037C_Y55_08_17_11		1
17	12	YML005W_Y55_08_17_12		1
17	13	YLR143W_Y55_08_17_13		1
17	14	YML117W_Y55_08_17_14		1
17	15	YLR036C_Y55_08_17_15		1
17	16	YML004C_Y55_08_17_16		1
17	17	YLR142W_Y55_08_17_17		1
17	18	YML116W_Y55_08_17_18		1
17	19	YLR035C_Y55_08_17_19		1
17	20	YML003W_Y55_08_17_20		1
17	21	YLR138W_Y55_08_17_21		1
17	22	YML113W_Y55_08_17_22		1
17	23	YLR034C_Y55_08_17_23		1
17	24	YML002W_Y55_08_17_24		1
17	25	YLR137W_Y55_08_17_25		1
17	26	YML109W_Y55_08_17_26		1
17	27	YLR032W_Y55_08_17_27		1
17	28	YML001W_Y55_08_17_28		1
17	29	YLR136C_Y55_08_17_29		1
17	30	YML108W_Y55_08_17_30		1
17	31	YLR031W_Y55_08_17_31		1
17	32	YLR461W_Y55_08_17_32		1
17	33	YLR135W_Y55_08_17_33		1
17	34	YML107C_Y55_08_17_34		1
17	35	YLR030W_Y55_08_17_35		1
17	36	YLR460C_Y55_08_17_36		1
17	37	YLR134W_Y55_08_17_37		1
17	38	YML106W_Y55_08_17_38		1
17	39	YLR028C_Y55_08_17_39		1
17	40	YLR456W_Y55_08_17_40		1
17	41	YLR133W_Y55_08_17_41		1
17	42	YML104C_Y55_08_17_42		1
17	43	YLR024C_Y55_08_17_43		1
17	44	YLR455W_Y55_08_17_44		1
17	45	YLR131C_Y55_08_17_45		1
17	46	YML103C_Y55_08_17_46		1
17	47	YOR202W_Y55_08_17_47		1
17	48	YOR202W_Y55_08_17_48		1
18	1	YOR202W_Y55_08_18_01		1
18	2	YOR202W_Y55_08_18_02		1
18	3	YMR302C_Y55_08_18_03		1
18	4	YOL002C_Y55_08_18_04		1
18	5	YNL081C_Y55_08_18_05		1
18	6	YOL101C_Y55_08_18_06		1
18	7	YMR300C_Y55_08_18_07		1
18	8	YOL001W_Y55_08_18_08		1
18	9	YNL080C_Y55_08_18_09		1
18	10	YOL099C_Y55_08_18_10		1
18	11	YMR299C_Y55_08_18_11		1
18	12	YNR075W_Y55_08_18_12		1
18	13	YNL079C_Y55_08_18_13		1
18	14	YOL098C_Y55_08_18_14		1
18	15	YMR297W_Y55_08_18_15		1
18	16	YNR074C_Y55_08_18_16		1
18	17	YNL078W_Y55_08_18_17		1
18	18	YOL095C_Y55_08_18_18		1
18	19	YMR295C_Y55_08_18_19		1
18	20	YNR073C_Y55_08_18_20		1
18	21	YNL077W_Y55_08_18_21		1
18	22	YOL093W_Y55_08_18_22		1
18	23	YMR294W-A_Y55_08_18_23		1
18	24	YNR072W_Y55_08_18_24		1
18	25	YNL076W_Y55_08_18_25		1
18	26	YOL092W_Y55_08_18_26		1
18	27	YMR294W_Y55_08_18_27		1
18	28	YNR071C_Y55_08_18_28		1
18	29	YNL074C_Y55_08_18_29		1
18	30	YOL091W_Y55_08_18_30		1
18	31	YMR292W_Y55_08_18_31		1
18	32	YNR069C_Y55_08_18_32		1
18	33	YNL072W_Y55_08_18_33		1
18	34	YOL090W_Y55_08_18_34		1
18	35	YMR291W_Y55_08_18_35		1
18	36	YNR067C_Y55_08_18_36		1
18	37	YNL071W_Y55_08_18_37		1
18	38	YOL089C_Y55_08_18_38		1
18	39	YMR289W_Y55_08_18_39		1
18	40	YNR066C_Y55_08_18_40		1
18	41	YNL070W_Y55_08_18_41		1
18	42	YOL088C_Y55_08_18_42		1
18	43	YMR285C_Y55_08_18_43		1
18	44	YNR065C_Y55_08_18_44		1
18	45	YNL069C_Y55_08_18_45		1
18	46	YOL087C_Y55_08_18_46		1
18	47	YOR202W_Y55_08_18_47		1
18	48	YOR202W_Y55_08_18_48		1
19	1	YOR202W_Y55_08_19_01		1
19	2	YOR202W_Y55_08_19_02		1
19	3	YLR281C_Y55_08_19_03		1
19	4	YMR119W_Y55_08_19_04		1
19	5	YLR387C_Y55_08_19_05		1
19	6	YMR206W_Y55_08_19_06		1
19	7	YLR280C_Y55_08_19_07		1
19	8	YMR116C_Y55_08_19_08		1
19	9	YLR386W_Y55_08_19_09		1
19	10	YMR205C_Y55_08_19_10		1
19	11	YLR279W_Y55_08_19_11		1
19	12	YMR115W_Y55_08_19_12		1
19	13	YLR385C_Y55_08_19_13		1
19	14	YMR204C_Y55_08_19_14		1
19	15	YLR278C_Y55_08_19_15		1
19	16	YMR114C_Y55_08_19_16		1
19	17	YLR384C_Y55_08_19_17		1
19	18	YMR202W_Y55_08_19_18		1
19	19	YLR273C_Y55_08_19_19		1
19	20	YMR111C_Y55_08_19_20		1
19	21	YLR381W_Y55_08_19_21		1
19	22	YMR201C_Y55_08_19_22		1
19	23	YLR271W_Y55_08_19_23		1
19	24	YMR110C_Y55_08_19_24		1
19	25	YLR380W_Y55_08_19_25		1
19	26	YMR199W_Y55_08_19_26		1
19	27	YLR269C_Y55_08_19_27		1
19	28	YMR109W_Y55_08_19_28		1
19	29	YLR377C_Y55_08_19_29		1
19	30	YMR198W_Y55_08_19_30		1
19	31	YLR268W_Y55_08_19_31		1
19	32	YMR107W_Y55_08_19_32		1
19	33	YLR376C_Y55_08_19_33		1
19	34	YMR196W_Y55_08_19_34		1
19	35	YLR267W_Y55_08_19_35		1
19	36	YMR106C_Y55_08_19_36		1
19	37	YLR375W_Y55_08_19_37		1
19	38	YMR195W_Y55_08_19_38		1
19	39	YLR266C_Y55_08_19_39		1
19	40	YMR105C_Y55_08_19_40		1
19	41	YLR374C_Y55_08_19_41		1
19	42	YMR194W_Y55_08_19_42		1
19	43	YLR265C_Y55_08_19_43		1
19	44	YMR104C_Y55_08_19_44		1
19	45	YLR373C_Y55_08_19_45		1
19	46	YMR193C-A_Y55_08_19_46		1
19	47	YOR202W_Y55_08_19_47		1
19	48	YOR202W_Y55_08_19_48		1
20	1	YOR202W_Y55_08_20_01		1
20	2	YOR202W_Y55_08_20_02		1
20	3	YNL217W_Y55_08_20_03		1
20	4	YOR053W_Y55_08_20_04		1
20	5	YNL329C_Y55_08_20_05		1
20	6	YOR165W_Y55_08_20_06		1
20	7	YNL215W_Y55_08_20_07		1
20	8	YOR052C_Y55_08_20_08		1
20	9	YNL328C_Y55_08_20_09		1
20	10	YOR164C_Y55_08_20_10		1
20	11	YNL214W_Y55_08_20_11		1
20	12	YOR051C_Y55_08_20_12		1
20	13	YNL327W_Y55_08_20_13		1
20	14	YOR163W_Y55_08_20_14		1
20	15	YNL212W_Y55_08_20_15		1
20	16	YOR050C_Y55_08_20_16		1
20	17	YNL326C_Y55_08_20_17		1
20	18	YOR162C_Y55_08_20_18		1
20	19	YNL211C_Y55_08_20_19		1
20	20	YOR049C_Y55_08_20_20		1
20	21	YNL325C_Y55_08_20_21		1
20	22	YOR161C_Y55_08_20_22		1
20	23	YNL208W_Y55_08_20_23		1
20	24	YOR047C_Y55_08_20_24		1
20	25	YNL324W_Y55_08_20_25		1
20	26	YOR156C_Y55_08_20_26		1
20	27	YNL206C_Y55_08_20_27		1
20	28	YOR045W_Y55_08_20_28		1
20	29	YNL323W_Y55_08_20_29		1
20	30	YOR154W_Y55_08_20_30		1
20	31	YNL205C_Y55_08_20_31		1
20	32	YOR044W_Y55_08_20_32		1
20	33	YNL322C_Y55_08_20_33		1
20	34	YOR153W_Y55_08_20_34		1
20	35	YNL204C_Y55_08_20_35		1
20	36	YOR043W_Y55_08_20_36		1
20	37	YNL321W_Y55_08_20_37		1
20	38	YOR152C_Y55_08_20_38		1
20	39	YNL203C_Y55_08_20_39		1
20	40	YOR042W_Y55_08_20_40		1
20	41	YNL320W_Y55_08_20_41		1
20	42	YOR144C_Y55_08_20_42		1
20	43	YNL202W_Y55_08_20_43		1
20	44	YOR041C_Y55_08_20_44		1
20	45	YNL319W_Y55_08_20_45		1
20	46	YOR142W_Y55_08_20_46		1
20	47	YOR202W_Y55_08_20_47		1
20	48	YOR202W_Y55_08_20_48		1
21	1	YOR202W_Y55_08_21_01		1
21	2	YOR202W_Y55_08_21_02		1
21	3	YLR053C_Y55_08_21_03		1
21	4	YML019W_Y55_08_21_04		1
21	5	YLR171W_Y55_08_21_05		1
21	6	YMR004W_Y55_08_21_06		1
21	7	YLR050C_Y55_08_21_07		1
21	8	YML018C_Y55_08_21_08		1
21	9	YLR170C_Y55_08_21_09		1
21	10	YMR003W_Y55_08_21_10		1
21	11	YLR049C_Y55_08_21_11		1
21	12	YML017W_Y55_08_21_12		1
21	13	YLR169W_Y55_08_21_13		1
21	14	YMR002W_Y55_08_21_14		1
21	15	YLR048W_Y55_08_21_15		1
21	16	YML016C_Y55_08_21_16		1
21	17	YLR168C_Y55_08_21_17		1
21	18	YML131W_Y55_08_21_18		1
21	19	YLR047C_Y55_08_21_19		1
21	20	YML013W_Y55_08_21_20		1
21	21	YLR165C_Y55_08_21_21		1
21	22	YML128C_Y55_08_21_22		1
21	23	YLR046C_Y55_08_21_23		1
21	24	YML013C-A_Y55_08_21_24		1
21	25	YLR164W_Y55_08_21_25		1
21	26	YML124C_Y55_08_21_26		1
21	27	YLR044C_Y55_08_21_27		1
21	28	YML012W_Y55_08_21_28		1
21	29	YLR154C_Y55_08_21_29		1
21	30	YML123C_Y55_08_21_30		1
21	31	YLR043C_Y55_08_21_31		1
21	32	YML011C_Y55_08_21_32		1
21	33	YLR152C_Y55_08_21_33		1
21	34	YML122C_Y55_08_21_34		1
21	35	YLR042C_Y55_08_21_35		1
21	36	YML010C-B_Y55_08_21_36		1
21	37	YLR151C_Y55_08_21_37		1
21	38	YML121W_Y55_08_21_38		1
21	39	YLR041W_Y55_08_21_39		1
21	40	YML009c_Y55_08_21_40		1
21	41	YLR150W_Y55_08_21_41		1
21	42	YML120C_Y55_08_21_42		1
21	43	YLR040C_Y55_08_21_43		1
21	44	YML008C_Y55_08_21_44		1
21	45	YLR149C_Y55_08_21_45		1
21	46	YML119W_Y55_08_21_46		1
21	47	YOR202W_Y55_08_21_47		1
21	48	YOR202W_Y55_08_21_48		1
22	1	YOR202W_Y55_08_22_01		1
22	2	YOR202W_Y55_08_22_02		1
22	3	YMR313C_Y55_08_22_03		1
22	4	YOL014W_Y55_08_22_04		1
22	5	YNL095C_Y55_08_22_05		1
22	6	YOL113W_Y55_08_22_06		1
22	7	YMR312W_Y55_08_22_07		1
22	8	YOL013W-A_Y55_08_22_08		1
22	9	YNL094W_Y55_08_22_09		1
22	10	YOL112W_Y55_08_22_10		1
22	11	YMR311C_Y55_08_22_11		1
22	12	YOL013C_Y55_08_22_12		1
22	13	YNL093W_Y55_08_22_13		1
22	14	YOL111C_Y55_08_22_14		1
22	15	YMR310C_Y55_08_22_15		1
22	16	YOL012C_Y55_08_22_16		1
22	17	YNL092W_Y55_08_22_17		1
22	18	YOL110W_Y55_08_22_18		1
22	19	YMR307W_Y55_08_22_19		1
22	20	YOL011W_Y55_08_22_20		1
22	21	YNL091W_Y55_08_22_21		1
22	22	YOL109W_Y55_08_22_22		1
22	23	YMR306W_Y55_08_22_23		1
22	24	YOL009C_Y55_08_22_24		1
22	25	YNL090W_Y55_08_22_25		1
22	26	YOL108C_Y55_08_22_26		1
22	27	YMR306C-A_Y55_08_22_27		1
22	28	YOL008W_Y55_08_22_28		1
22	29	YNL089C_Y55_08_22_29		1
22	30	YOL107W_Y55_08_22_30		1
22	31	YMR305C_Y55_08_22_31		1
22	32	YOL007C_Y55_08_22_32		1
22	33	YNL087W_Y55_08_22_33		1
22	34	YOL106W_Y55_08_22_34		1
22	35	YMR304W_Y55_08_22_35		1
22	36	YOL006C_Y55_08_22_36		1
22	37	YNL085W_Y55_08_22_37		1
22	38	YOL105C_Y55_08_22_38		1
22	39	YMR304C-A_Y55_08_22_39		1
22	40	YOL004W_Y55_08_22_40		1
22	41	YNL083W_Y55_08_22_41		1
22	42	YOL104C_Y55_08_22_42		1
22	43	YMR303C_Y55_08_22_43		1
22	44	YOL003C_Y55_08_22_44		1
22	45	YNL082W_Y55_08_22_45		1
22	46	YOL103W_Y55_08_22_46		1
22	47	YOR202W_Y55_08_22_47		1
22	48	YOR202W_Y55_08_22_48		1
23	1	YOR202W_Y55_08_23_01		1
23	2	YOR202W_Y55_08_23_02		1
23	3	YLR294C_Y55_08_23_03		1
23	4	YMR132C_Y55_08_23_04		1
23	5	YLR400W_Y55_08_23_05		1
23	6	YMR224C_Y55_08_23_06		1
23	7	YLR292C_Y55_08_23_07		1
23	8	YMR130W_Y55_08_23_08		1
23	9	YLR398C_Y55_08_23_09		1
23	10	YMR223W_Y55_08_23_10		1
23	11	YLR290C_Y55_08_23_11		1
23	12	YMR129W_Y55_08_23_12		1
23	13	YLR395C_Y55_08_23_13		1
23	14	YMR222C_Y55_08_23_14		1
23	15	YLR289W_Y55_08_23_15		1
23	16	YMR127C_Y55_08_23_16		1
23	17	YLR394W_Y55_08_23_17		1
23	18	YMR221C_Y55_08_23_18		1
23	19	YLR287C-A_Y55_08_23_19		1
23	20	YMR126C_Y55_08_23_20		1
23	21	YLR393W_Y55_08_23_21		1
23	22	YMR219W_Y55_08_23_22		1
23	23	YLR287C_Y55_08_23_23		1
23	24	YMR124W_Y55_08_23_24		1
23	25	YLR392C_Y55_08_23_25		1
23	26	YMR216C_Y55_08_23_26		1
23	27	YLR286C_Y55_08_23_27		1
23	28	YMR123W_Y55_08_23_28		1
23	29	YLR391W_Y55_08_23_29		1
23	30	YMR215W_Y55_08_23_30		1
23	31	YLR285W_Y55_08_23_31		1
23	32	YMR122C_Y55_08_23_32		1
23	33	YLR390W-A_Y55_08_23_33		1
23	34	YMR214W_Y55_08_23_34		1
23	35	YLR284C_Y55_08_23_35		1
23	36	YMR121C_Y55_08_23_36		1
23	37	YLR390W_Y55_08_23_37		1
23	38	YMR210W_Y55_08_23_38		1
23	39	YLR283W_Y55_08_23_39		1
23	40	YMR120C_Y55_08_23_40		1
23	41	YLR389C_Y55_08_23_41		1
23	42	YMR209C_Y55_08_23_42		1
23	43	YLR282C_Y55_08_23_43		1
23	44	YMR119W-A_Y55_08_23_44		1
23	45	YLR388W_Y55_08_23_45		1
23	46	YMR207C_Y55_08_23_46		1
23	47	YOR202W_Y55_08_23_47		1
23	48	YOR202W_Y55_08_23_48		1
24	1	YOR202W_Y55_08_24_01		1
24	2	YOR202W_Y55_08_24_02		1
24	3	YNL233W_Y55_08_24_03		1
24	4	YOR069W_Y55_08_24_04		1
24	5	YNR004W_Y55_08_24_05		1
24	6	YOR183W_Y55_08_24_06		1
24	7	YNL231C_Y55_08_24_07		1
24	8	YOR068C_Y55_08_24_08		1
24	9	YNR002C_Y55_08_24_09		1
24	10	YOR182C_Y55_08_24_10		1
24	11	YNL230C_Y55_08_24_11		1
24	12	YOR067C_Y55_08_24_12		1
24	13	YNR001C_Y55_08_24_13		1
24	14	YOR178C_Y55_08_24_14		1
24	15	YNL229C_Y55_08_24_15		1
24	16	YOR066W_Y55_08_24_16		1
24	17	YNL001W_Y55_08_24_17		1
24	18	YOR177C_Y55_08_24_18		1
24	19	YNL228W_Y55_08_24_19		1
24	20	YOR065W_Y55_08_24_20		1
24	21	YNL338W_Y55_08_24_21		1
24	22	YOR175C_Y55_08_24_22		1
24	23	YNL227C_Y55_08_24_23		1
24	24	YOR064C_Y55_08_24_24		1
24	25	YNL336W_Y55_08_24_25		1
24	26	YOR173W_Y55_08_24_26		1
24	27	YNL226W_Y55_08_24_27		1
24	28	YOR062C_Y55_08_24_28		1
24	29	YNL335W_Y55_08_24_29		1
24	30	YOR172W_Y55_08_24_30		1
24	31	YNL224C_Y55_08_24_31		1
24	32	YOR061W_Y55_08_24_32		1
24	33	YNL334C_Y55_08_24_33		1
24	34	YOR171C_Y55_08_24_34		1
24	35	YNL223W_Y55_08_24_35		1
24	36	YOR059C_Y55_08_24_36		1
24	37	YNL333W_Y55_08_24_37		1
24	38	YOR170W_Y55_08_24_38		1
24	39	YNL219C_Y55_08_24_39		1
24	40	YOR058C_Y55_08_24_40		1
24	41	YNL332W_Y55_08_24_41		1
24	42	YOR167C_Y55_08_24_42		1
24	43	YNL218W_Y55_08_24_43		1
24	44	YOR055W_Y55_08_24_44		1
24	45	YNL330C_Y55_08_24_45		1
24	46	YOR166C_Y55_08_24_46		1
24	47	YOR202W_Y55_08_24_47		1
24	48	YOR202W_Y55_08_24_48		1
25	1	YOR202W_Y55_08_25_01		1
25	2	YOR202W_Y55_08_25_02		1
25	3	YLR065C_Y55_08_25_03		1
25	4	YML034W_Y55_08_25_04		1
25	5	YLR183C_Y55_08_25_05		1
25	6	YMR018W_Y55_08_25_06		1
25	7	YLR064W_Y55_08_25_07		1
25	8	YML033W_Y55_08_25_08		1
25	9	YLR182W_Y55_08_25_09		1
25	10	YMR017W_Y55_08_25_10		1
25	11	YLR063W_Y55_08_25_11		1
25	12	YML032C_Y55_08_25_12		1
25	13	YLR181C_Y55_08_25_13		1
25	14	YMR016C_Y55_08_25_14		1
25	15	YLR062C_Y55_08_25_15		1
25	16	YML030W_Y55_08_25_16		1
25	17	YLR180W_Y55_08_25_17		1
25	18	YMR015C_Y55_08_25_18		1
25	19	YLR061W_Y55_08_25_19		1
25	20	YML029W_Y55_08_25_20		1
25	21	YLR179C_Y55_08_25_21		1
25	22	YMR012W_Y55_08_25_22		1
25	23	YLR059C_Y55_08_25_23		1
25	24	YML028W_Y55_08_25_24		1
25	25	YLR178C_Y55_08_25_25		1
25	26	YMR011W_Y55_08_25_26		1
25	27	YLR058C_Y55_08_25_27		1
25	28	YML027W_Y55_08_25_28		1
25	29	YLR177W_Y55_08_25_29		1
25	30	YMR010W_Y55_08_25_30		1
25	31	YLR057W_Y55_08_25_31		1
25	32	YML026C_Y55_08_25_32		1
25	33	YLR176C_Y55_08_25_33		1
25	34	YMR009W_Y55_08_25_34		1
25	35	YLR056W_Y55_08_25_35		1
25	36	YML022W_Y55_08_25_36		1
25	37	YLR174W_Y55_08_25_37		1
25	38	YMR008C_Y55_08_25_38		1
25	39	YLR055C_Y55_08_25_39		1
25	40	YML021C_Y55_08_25_40		1
25	41	YLR173W_Y55_08_25_41		1
25	42	YMR007W_Y55_08_25_42		1
25	43	YLR054C_Y55_08_25_43		1
25	44	YML020W_Y55_08_25_44		1
25	45	YLR172C_Y55_08_25_45		1
25	46	YMR006C_Y55_08_25_46		1
25	47	YOR202W_Y55_08_25_47		1
25	48	YOR202W_Y55_08_25_48		1
26	1	YOR202W_Y55_08_26_01		1
26	2	YOR202W_Y55_08_26_02		1
26	3	YNL339C_Y55_08_26_03		1
26	4	YOL029C_Y55_08_26_04		1
26	5	YNL115C_Y55_08_26_05		1
26	6	YOL128C_Y55_08_26_06		1
26	7	YMR326C_Y55_08_26_07		1
26	8	YOL028C_Y55_08_26_08		1
26	9	YNL108C_Y55_08_26_09		1
26	10	YOL126C_Y55_08_26_10		1
26	11	YMR322C_Y55_08_26_11		1
26	12	YOL027C_Y55_08_26_12		1
26	13	YNL107W_Y55_08_26_13		1
26	14	YOL124C_Y55_08_26_14		1
26	15	YMR320W_Y55_08_26_15		1
26	16	YOL025W_Y55_08_26_16		1
26	17	YNL106C_Y55_08_26_17		1
26	18	YOL122C_Y55_08_26_18		1
26	19	YMR319C_Y55_08_26_19		1
26	20	YOL024W_Y55_08_26_20		1
26	21	YNL105W_Y55_08_26_21		1
26	22	YOL121C_Y55_08_26_22		1
26	23	YMR318C_Y55_08_26_23		1
26	24	YOL020W_Y55_08_26_24		1
26	25	YNL104C_Y55_08_26_25		1
26	26	YOL119C_Y55_08_26_26		1
26	27	YMR317W_Y55_08_26_27		1
26	28	YOL019W_Y55_08_26_28		1
26	29	YNL101W_Y55_08_26_29		1
26	30	YOL118C_Y55_08_26_30		1
26	31	YMR316W_Y55_08_26_31		1
26	32	YOL018C_Y55_08_26_32		1
26	33	YNL100W_Y55_08_26_33		1
26	34	YOL117W_Y55_08_26_34		1
26	35	YMR316C-B_Y55_08_26_35		1
26	36	YOL017W_Y55_08_26_36		1
26	37	YNL099C_Y55_08_26_37		1
26	38	YOL116W_Y55_08_26_38		1
26	39	YMR316C-A_Y55_08_26_39		1
26	40	YOL016C_Y55_08_26_40		1
26	41	YNL098C_Y55_08_26_41		1
26	42	YOL115W_Y55_08_26_42		1
26	43	YMR315W_Y55_08_26_43		1
26	44	YOL015W_Y55_08_26_44		1
26	45	YNL097C_Y55_08_26_45		1
26	46	YOL114C_Y55_08_26_46		1
26	47	YOR202W_Y55_08_26_47		1
26	48	YOR202W_Y55_08_26_48		1
27	1	YOR202W_Y55_08_27_01		1
27	2	YOR202W_Y55_08_27_02		1
27	3	YLR313C_Y55_08_27_03		1
27	4	YMR144W_Y55_08_27_04		1
27	5	YLR414C_Y55_08_27_05		1
27	6	YMR244C-A_Y55_08_27_06		1
27	7	YLR312C_Y55_08_27_07		1
27	8	YMR143W_Y55_08_27_08		1
27	9	YLR413W_Y55_08_27_09		1
27	10	YMR243C_Y55_08_27_10		1
27	11	YLR311C_Y55_08_27_11		1
27	12	YMR141C_Y55_08_27_12		1
27	13	YLR412W_Y55_08_27_13		1
27	14	YMR241W_Y55_08_27_14		1
27	15	YLR309C_Y55_08_27_15		1
27	16	YMR140W_Y55_08_27_16		1
27	17	YLR410W_Y55_08_27_17		1
27	18	YMR238W_Y55_08_27_18		1
27	19	YLR307W_Y55_08_27_19		1
27	20	YMR139W_Y55_08_27_20		1
27	21	YLR408C_Y55_08_27_21		1
27	22	YMR237W_Y55_08_27_22		1
27	23	YLR306W_Y55_08_27_23		1
27	24	YMR138W_Y55_08_27_24		1
27	25	YLR407W_Y55_08_27_25		1
27	26	YMR234W_Y55_08_27_26		1
27	27	YLR303W_Y55_08_27_27		1
27	28	YMR137C_Y55_08_27_28		1
27	29	YLR406C_Y55_08_27_29		1
27	30	YMR233W_Y55_08_27_30		1
27	31	YLR300W_Y55_08_27_31		1
27	32	YMR136W_Y55_08_27_32		1
27	33	YLR405W_Y55_08_27_33		1
27	34	YMR232W_Y55_08_27_34		1
27	35	YLR299W_Y55_08_27_35		1
27	36	YMR135W-A_Y55_08_27_36		1
27	37	YLR404W_Y55_08_27_37		1
27	38	YMR230W_Y55_08_27_38		1
27	39	YLR297W_Y55_08_27_39		1
27	40	YMR135C_Y55_08_27_40		1
27	41	YLR402W_Y55_08_27_41		1
27	42	YMR226C_Y55_08_27_42		1
27	43	YLR296W_Y55_08_27_43		1
27	44	YMR133W_Y55_08_27_44		1
27	45	YLR401C_Y55_08_27_45		1
27	46	YMR225C_Y55_08_27_46		1
27	47	YOR202W_Y55_08_27_47		1
27	48	YOR202W_Y55_08_27_48		1
28	1	YOR202W_Y55_08_28_01		1
28	2	YOR202W_Y55_08_28_02		1
28	3	YNL253W_Y55_08_28_03		1
28	4	YOR084W_Y55_08_28_04		1
28	5	YNR018W_Y55_08_28_05		1
28	6	YOR196C_Y55_08_28_06		1
28	7	YNL249C_Y55_08_28_07		1
28	8	YOR083W_Y55_08_28_08		1
28	9	YNR015W_Y55_08_28_09		1
28	10	YOR195W_Y55_08_28_10		1
28	11	YNL246W_Y55_08_28_11		1
28	12	YOR082C_Y55_08_28_12		1
28	13	YNR014W_Y55_08_28_13		1
28	14	YOR193W_Y55_08_28_14		1
28	15	YNL242W_Y55_08_28_15		1
28	16	YOR081C_Y55_08_28_16		1
28	17	YNR013C_Y55_08_28_17		1
28	18	YOR192C_Y55_08_28_18		1
28	19	YNL241C_Y55_08_28_19		1
28	20	YOR080W_Y55_08_28_20		1
28	21	YNR012W_Y55_08_28_21		1
28	22	YOR191W_Y55_08_28_22		1
28	23	YNL239W_Y55_08_28_23		1
28	24	YOR079C_Y55_08_28_24		1
28	25	YNR010W_Y55_08_28_25		1
28	26	YOR190W_Y55_08_28_26		1
28	27	YNL238W_Y55_08_28_27		1
28	28	YOR078W_Y55_08_28_28		1
28	29	YNR009W_Y55_08_28_29		1
28	30	YOR189W_Y55_08_28_30		1
28	31	YNL237W_Y55_08_28_31		1
28	32	YOR076C_Y55_08_28_32		1
28	33	YNR008W_Y55_08_28_33		1
28	34	YOR188W_Y55_08_28_34		1
28	35	YNL236W_Y55_08_28_35		1
28	36	YOR072W_Y55_08_28_36		1
28	37	YNR007C_Y55_08_28_37		1
28	38	YOR186W_Y55_08_28_38		1
28	39	YNL235C_Y55_08_28_39		1
28	40	YOR071C_Y55_08_28_40		1
28	41	YNR006W_Y55_08_28_41		1
28	42	YOR185C_Y55_08_28_42		1
28	43	YNL234W_Y55_08_28_43		1
28	44	YOR070C_Y55_08_28_44		1
28	45	YNR005C_Y55_08_28_45		1
28	46	YOR184W_Y55_08_28_46		1
28	47	YOR202W_Y55_08_28_47		1
28	48	YOR202W_Y55_08_28_48		1
29	1	YOR202W_Y55_08_29_01		1
29	2	YOR202W_Y55_08_29_02		1
29	3	YLR085C_Y55_08_29_03		1
29	4	YML051W_Y55_08_29_04		1
29	5	YLR199C_Y55_08_29_05		1
29	6	YMR031C_Y55_08_29_06		1
29	7	YLR084C_Y55_08_29_07		1
29	8	YML048W-A_Y55_08_29_08		1
29	9	YLR194C_Y55_08_29_09		1
29	10	YMR030W_Y55_08_29_10		1
29	11	YLR083C_Y55_08_29_11		1
29	12	YML048W_Y55_08_29_12		1
29	13	YLR193C_Y55_08_29_13		1
29	14	YMR029C_Y55_08_29_14		1
29	15	YLR082C_Y55_08_29_15		1
29	16	YML047C_Y55_08_29_16		1
29	17	YLR192C_Y55_08_29_17		1
29	18	YMR027W_Y55_08_29_18		1
29	19	YLR081W_Y55_08_29_19		1
29	20	YML042W_Y55_08_29_20		1
29	21	YLR191W_Y55_08_29_21		1
29	22	YMR026C_Y55_08_29_22		1
29	23	YLR080W_Y55_08_29_23		1
29	24	YML041C_Y55_08_29_24		1
29	25	YLR190W_Y55_08_29_25		1
29	26	YMR025W_Y55_08_29_26		1
29	27	YLR079W_Y55_08_29_27		1
29	28	YML038C_Y55_08_29_28		1
29	29	YLR189C_Y55_08_29_29		1
29	30	YMR023C_Y55_08_29_30		1
29	31	YLR077W_Y55_08_29_31		1
29	32	YML037C_Y55_08_29_32		1
29	33	YLR188W_Y55_08_29_33		1
29	34	YMR022W_Y55_08_29_34		1
29	35	YLR073C_Y55_08_29_35		1
29	36	YML036W_Y55_08_29_36		1
29	37	YLR187W_Y55_08_29_37		1
29	38	YMR021C_Y55_08_29_38		1
29	39	YLR072W_Y55_08_29_39		1
29	40	YML035C-A_Y55_08_29_40		1
29	41	YLR185W_Y55_08_29_41		1
29	42	YMR020W_Y55_08_29_42		1
29	43	YLR070C_Y55_08_29_43		1
29	44	YML035C_Y55_08_29_44		1
29	45	YLR184W_Y55_08_29_45		1
29	46	YMR019W_Y55_08_29_46		1
29	47	YOR202W_Y55_08_29_47		1
29	48	YOR202W_Y55_08_29_48		1
30	1	YOR202W_Y55_08_30_01		1
30	2	YOR202W_Y55_08_30_02		1
30	3	YNL021W_Y55_08_30_03		1
30	4	YOL044W_Y55_08_30_04		1
30	5	YNL129W_Y55_08_30_05		1
30	6	YOL152W_Y55_08_30_06		1
30	7	YNL020C_Y55_08_30_07		1
30	8	YOL043C_Y55_08_30_08		1
30	9	YNL128W_Y55_08_30_09		1
30	10	YOL151W_Y55_08_30_10		1
30	11	YNL016W_Y55_08_30_11		1
30	12	YOL042W_Y55_08_30_12		1
30	13	YNL127W_Y55_08_30_13		1
30	14	YOL150C_Y55_08_30_14		1
30	15	YNL015W_Y55_08_30_15		1
30	16	YOL041C_Y55_08_30_16		1
30	17	YNL125C_Y55_08_30_17		1
30	18	YOL147C_Y55_08_30_18		1
30	19	YNL013C_Y55_08_30_19		1
30	20	YOL039W_Y55_08_30_20		1
30	21	YNL123W_Y55_08_30_21		1
30	22	YOL141W_Y55_08_30_22		1
30	23	YNL012W_Y55_08_30_23		1
30	24	YOL037C_Y55_08_30_24		1
30	25	YNL122C_Y55_08_30_25		1
30	26	YOL138C_Y55_08_30_26		1
30	27	YNL010W_Y55_08_30_27		1
30	28	YOL036W_Y55_08_30_28		1
30	29	YNL121C_Y55_08_30_29		1
30	30	YOL137W_Y55_08_30_30		1
30	31	YNL009W_Y55_08_30_31		1
30	32	YOL035C_Y55_08_30_32		1
30	33	YNL120C_Y55_08_30_33		1
30	34	YOL136C_Y55_08_30_34		1
30	35	YNL008C_Y55_08_30_35		1
30	36	YOL032W_Y55_08_30_36		1
30	37	YNL119W_Y55_08_30_37		1
30	38	YOL132W_Y55_08_30_38		1
30	39	YNL004W_Y55_08_30_39		1
30	40	YOL031C_Y55_08_30_40		1
30	41	YNL117W_Y55_08_30_41		1
30	42	YOL131W_Y55_08_30_42		1
30	43	YNL003C_Y55_08_30_43		1
30	44	YOL030W_Y55_08_30_44		1
30	45	YNL116W_Y55_08_30_45		1
30	46	YOL129W_Y55_08_30_46		1
30	47	YOR202W_Y55_08_30_47		1
30	48	YOR202W_Y55_08_30_48		1
31	1	YOR202W_Y55_08_31_01		1
31	2	YOR202W_Y55_08_31_02		1
31	3	YOR202W_Y55_08_31_03		1
31	4	YOR202W_Y55_08_31_04		1
31	5	YOR202W_Y55_08_31_05		1
31	6	YOR202W_Y55_08_31_06		1
31	7	YOR202W_Y55_08_31_07		1
31	8	YOR202W_Y55_08_31_08		1
31	9	YOR202W_Y55_08_31_09		1
31	10	YOR202W_Y55_08_31_10		1
31	11	YOR202W_Y55_08_31_11		1
31	12	YOR202W_Y55_08_31_12		1
31	13	YOR202W_Y55_08_31_13		1
31	14	YOR202W_Y55_08_31_14		1
31	15	YOR202W_Y55_08_31_15		1
31	16	YOR202W_Y55_08_31_16		1
31	17	YOR202W_Y55_08_31_17		1
31	18	YOR202W_Y55_08_31_18		1
31	19	YOR202W_Y55_08_31_19		1
31	20	YOR202W_Y55_08_31_20		1
31	21	YOR202W_Y55_08_31_21		1
31	22	YOR202W_Y55_08_31_22		1
31	23	YOR202W_Y55_08_31_23		1
31	24	YOR202W_Y55_08_31_24		1
31	25	YOR202W_Y55_08_31_25		1
31	26	YOR202W_Y55_08_31_26		1
31	27	YOR202W_Y55_08_31_27		1
31	28	YOR202W_Y55_08_31_28		1
31	29	YOR202W_Y55_08_31_29		1
31	30	YOR202W_Y55_08_31_30		1
31	31	YOR202W_Y55_08_31_31		1
31	32	YOR202W_Y55_08_31_32		1
31	33	YOR202W_Y55_08_31_33		1
31	34	YOR202W_Y55_08_31_34		1
31	35	YOR202W_Y55_08_31_35		1
31	36	YOR202W_Y55_08_31_36		1
31	37	YOR202W_Y55_08_31_37		1
31	38	YOR202W_Y55_08_31_38		1
31	39	YOR202W_Y55_08_31_39		1
31	40	YOR202W_Y55_08_31_40		1
31	41	YOR202W_Y55_08_31_41		1
31	42	YOR202W_Y55_08_31_42		1
31	43	YOR202W_Y55_08_31_43		1
31	44	YOR202W_Y55_08_31_44		1
31	45	YOR202W_Y55_08_31_45		1
31	46	YOR202W_Y55_08_31_46		1
31	47	YOR202W_Y55_08_31_47		1
31	48	YOR202W_Y55_08_31_48		1
32	1	YOR202W_Y55_08_32_01		1
32	2	YOR202W_Y55_08_32_02		1
32	3	YOR202W_Y55_08_32_03		1
32	4	YOR202W_Y55_08_32_04		1
32	5	YOR202W_Y55_08_32_05		1
32	6	YOR202W_Y55_08_32_06		1
32	7	YOR202W_Y55_08_32_07		1
32	8	YOR202W_Y55_08_32_08		1
32	9	YOR202W_Y55_08_32_09		1
32	10	YOR202W_Y55_08_32_10		1
32	11	YOR202W_Y55_08_32_11		1
32	12	YOR202W_Y55_08_32_12		1
32	13	YOR202W_Y55_08_32_13		1
32	14	YOR202W_Y55_08_32_14		1
32	15	YOR202W_Y55_08_32_15		1
32	16	YOR202W_Y55_08_32_16		1
32	17	YOR202W_Y55_08_32_17		1
32	18	YOR202W_Y55_08_32_18		1
32	19	YOR202W_Y55_08_32_19		1
32	20	YOR202W_Y55_08_32_20		1
32	21	YOR202W_Y55_08_32_21		1
32	22	YOR202W_Y55_08_32_22		1
32	23	YOR202W_Y55_08_32_23		1
32	24	YOR202W_Y55_08_32_24		1
32	25	YOR202W_Y55_08_32_25		1
32	26	YOR202W_Y55_08_32_26		1
32	27	YOR202W_Y55_08_32_27		1
32	28	YOR202W_Y55_08_32_28		1
32	29	YOR202W_Y55_08_32_29		1
32	30	YOR202W_Y55_08_32_30		1
32	31	YOR202W_Y55_08_32_31		1
32	32	YOR202W_Y55_08_32_32		1
32	33	YOR202W_Y55_08_32_33		1
32	34	YOR202W_Y55_08_32_34		1
32	35	YOR202W_Y55_08_32_35		1
32	36	YOR202W_Y55_08_32_36		1
32	37	YOR202W_Y55_08_32_37		1
32	38	YOR202W_Y55_08_32_38		1
32	39	YOR202W_Y55_08_32_39		1
32	40	YOR202W_Y55_08_32_40		1
32	41	YOR202W_Y55_08_32_41		1
32	42	YOR202W_Y55_08_32_42		1
32	43	YOR202W_Y55_08_32_43		1
32	44	YOR202W_Y55_08_32_44		1
32	45	YOR202W_Y55_08_32_45		1
32	46	YOR202W_Y55_08_32_46		1
32	47	YOR202W_Y55_08_32_47		1
32	48	YOR202W_Y55_08_32_48		1
