Row	Column	Strain	Info	Normalization_group
1	1	YOL095C_S288C_03_01_01		1
1	2	YLR262C-A_S288C_03_01_02		1
1	3	YMR316C-A_S288C_03_01_03		1
1	4	YJR100C_S288C_03_01_04		1
1	5	YOL096C_S288C_03_01_05		1
1	6	YLR422W_S288C_03_01_06		1
1	7	YMR316C-B_S288C_03_01_07		1
1	8	YJR104C_S288C_03_01_08		1
1	9	YOL098C_S288C_03_01_09		1
1	10	YLR423C_S288C_03_01_10		1
1	11	YMR316W_S288C_03_01_11		1
1	12	YJR106W_S288C_03_01_12		1
1	13	YOL099C_S288C_03_01_13		1
1	14	YLR425W_S288C_03_01_14		1
1	15	YMR317W_S288C_03_01_15		1
1	16	YJR107W_S288C_03_01_16		1
1	17	YOL100W_S288C_03_01_17		1
1	18	YLR426W_S288C_03_01_18		1
1	19	YMR318C_S288C_03_01_19		1
1	20	YJR109C_S288C_03_01_20		1
1	21	YOL101C_S288C_03_01_21		1
1	22	YLR427W_S288C_03_01_22		1
1	23	YMR319C_S288C_03_01_23		1
1	24	YJR113C_S288C_03_01_24		1
1	25	YOL103W_S288C_03_01_25		1
1	26	YLR428C_S288C_03_01_26		1
1	27	YMR320W_S288C_03_01_27		1
1	28	YJR116W_S288C_03_01_28		1
1	29	YOL104C_S288C_03_01_29		1
1	30	YLR429W_S288C_03_01_30		1
1	31	YNL250W_S288C_03_01_31		1
1	32	YJR117W_S288C_03_01_32		1
1	33	YOL105C_S288C_03_01_33		1
1	34	YLR431C_S288C_03_01_34		1
1	35	YNL252C_S288C_03_01_35		1
1	36	YJR118C_S288C_03_01_36		1
1	37	YOL106W_S288C_03_01_37		1
1	38	YLR432W_S288C_03_01_38		1
1	39	YNL279W_S288C_03_01_39		1
1	40	YJR119C_S288C_03_01_40		1
1	41	YOL107W_S288C_03_01_41		1
1	42	YLR433C_S288C_03_01_42		1
1	43	YNL300W_S288C_03_01_43		1
1	44	YJR120W_S288C_03_01_44		1
1	45	YOL108C_S288C_03_01_45		1
1	46	YLR434C_S288C_03_01_46		1
1	47	YNL316C_S288C_03_01_47		1
1	48	YJR121W_S288C_03_01_48		1
2	1	YOR345C_S288C_03_02_01		1
2	2	YBR294W_S288C_03_02_02		1
2	3	YBR014C_S288C_03_02_03		1
2	4	YOR274W_S288C_03_02_04		1
2	5	YOR366W_S288C_03_02_05		1
2	6	YBR301W_S288C_03_02_06		1
2	7	YBR015C_S288C_03_02_07		1
2	8	YOR275C_S288C_03_02_08		1
2	9	YOR379C_S288C_03_02_09		1
2	10	YCL026C-A_S288C_03_02_10		1
2	11	YBR016W_S288C_03_02_11		1
2	12	YOR276W_S288C_03_02_12		1
2	13	YNL001W_S288C_03_02_13		1
2	14	YCR028C-A_S288C_03_02_14		1
2	15	YBR018C_S288C_03_02_15		1
2	16	YOR298C-A_S288C_03_02_16		1
2	17	YNL004W_S288C_03_02_17		1
2	18	YCR030C_S288C_03_02_18		1
2	19	YBR019C_S288C_03_02_19		1
2	20	YOR302W_S288C_03_02_20		1
2	21	YNL005C_S288C_03_02_21		1
2	22	YCR032W_S288C_03_02_22		1
2	23	YBR020W_S288C_03_02_23		1
2	24	YOR303W_S288C_03_02_24		1
2	25	YNL008C_S288C_03_02_25		1
2	26	YCR033W_S288C_03_02_26		1
2	27	YBR021W_S288C_03_02_27		1
2	28	YPL004C_S288C_03_02_28		1
2	29	YNL009W_S288C_03_02_29		1
2	30	YCR046C_S288C_03_02_30		1
2	31	YBR022W_S288C_03_02_31		1
2	32	YPL017C_S288C_03_02_32		1
2	33	YNL010W_S288C_03_02_33		1
2	34	YCR047C_S288C_03_02_34		1
2	35	YBR023C_S288C_03_02_35		1
2	36	YPL027W_S288C_03_02_36		1
2	37	YNL012W_S288C_03_02_37		1
2	38	YCR048W_S288C_03_02_38		1
2	39	YBR024W_S288C_03_02_39		1
2	40	YPL034W_S288C_03_02_40		1
2	41	YNL013C_S288C_03_02_41		1
2	42	YCR053W_S288C_03_02_42		1
2	43	YBR025C_S288C_03_02_43		1
2	44	YPL036W_S288C_03_02_44		1
2	45	YNL015W_S288C_03_02_45		1
2	46	YCR060W_S288C_03_02_46		1
2	47	YBR026C_S288C_03_02_47		1
2	48	YPL078C_S288C_03_02_48		1
3	1	YPR030W_S288C_03_03_01		1
3	2	YDR026C_S288C_03_03_02		1
3	3	YJL056C_S288C_03_03_03		1
3	4	YJR026W_S288C_03_03_04		1
3	5	YPR032W_S288C_03_03_05		1
3	6	YDR027C_S288C_03_03_06		1
3	7	YJL055W_S288C_03_03_07		1
3	8	YJR030C_S288C_03_03_08		1
3	9	YPR036W_S288C_03_03_09		1
3	10	YDR028C_S288C_03_03_10		1
3	11	YJL053W_S288C_03_03_11		1
3	12	YJR031C_S288C_03_03_12		1
3	13	YPR038W_S288C_03_03_13		1
3	14	YDR029W_S288C_03_03_14		1
3	15	YJL052W_S288C_03_03_15		1
3	16	YJR033C_S288C_03_03_16		1
3	17	YPR039W_S288C_03_03_17		1
3	18	YDR030C_S288C_03_03_18		1
3	19	YJL051W_S288C_03_03_19		1
3	20	YJR035W_S288C_03_03_20		1
3	21	YPR040W_S288C_03_03_21		1
3	22	YDR031W_S288C_03_03_22		1
3	23	YJL049W_S288C_03_03_23		1
3	24	YJR036C_S288C_03_03_24		1
3	25	YPR042C_S288C_03_03_25		1
3	26	YDR032C_S288C_03_03_26		1
3	27	YJL048C_S288C_03_03_27		1
3	28	YJR043C_S288C_03_03_28		1
3	29	YPR044C_S288C_03_03_29		1
3	30	YDR033W_S288C_03_03_30		1
3	31	YJL047C_S288C_03_03_31		1
3	32	YJR048W_S288C_03_03_32		1
3	33	YPR045C_S288C_03_03_33		1
3	34	YDR034C_S288C_03_03_34		1
3	35	YJL046W_S288C_03_03_35		1
3	36	YJR049C_S288C_03_03_36		1
3	37	YPR046W_S288C_03_03_37		1
3	38	YDR035W_S288C_03_03_38		1
3	39	YJL045W_S288C_03_03_39		1
3	40	YJR050W_S288C_03_03_40		1
3	41	YPR047W_S288C_03_03_41		1
3	42	YDR036C_S288C_03_03_42		1
3	43	YJL044C_S288C_03_03_43		1
3	44	YJR051W_S288C_03_03_44		1
3	45	YPR049C_S288C_03_03_45		1
3	46	YDR042C_S288C_03_03_46		1
3	47	YJL043W_S288C_03_03_47		1
3	48	YJR052W_S288C_03_03_48		1
4	1	YIL112W_S288C_03_04_01		1
4	2	YBR126C_S288C_03_04_02		1
4	3	YNL130C_S288C_03_04_03		1
4	4	YDL088C_S288C_03_04_04		1
4	5	YIL113W_S288C_03_04_05		1
4	6	YBR127C_S288C_03_04_06		1
4	7	YBR189W_S288C_03_04_07		1
4	8	YDL089W_S288C_03_04_08		1
4	9	YIL114C_S288C_03_04_09		1
4	10	YBR128C_S288C_03_04_10		1
4	11	YCR095C_S288C_03_04_11		1
4	12	YDL090C_S288C_03_04_12		1
4	13	YIL116W_S288C_03_04_13		1
4	14	YBR129C_S288C_03_04_14		1
4	15	YCR102W-A_S288C_03_04_15		1
4	16	YDL091C_S288C_03_04_16		1
4	17	YIL117C_S288C_03_04_17		1
4	18	YBR130C_S288C_03_04_18		1
4	19	YDL133C-A_S288C_03_04_19		1
4	20	YDL093W_S288C_03_04_20		1
4	21	YIL119C_S288C_03_04_21		1
4	22	YBR132C_S288C_03_04_22		1
4	23	YDR058C_S288C_03_04_23		1
4	24	YDL094C_S288C_03_04_24		1
4	25	YIL120W_S288C_03_04_25		1
4	26	YBR133C_S288C_03_04_26		1
4	27	YDR174W_S288C_03_04_27		1
4	28	YDL095W_S288C_03_04_28		1
4	29	YIL121W_S288C_03_04_29		1
4	30	YBR134W_S288C_03_04_30		1
4	31	YDR202C_S288C_03_04_31		1
4	32	YDR438W_S288C_03_04_32		1
4	33	YIL123W_S288C_03_04_33		1
4	34	YBR137W_S288C_03_04_34		1
4	35	YDR205W_S288C_03_04_35		1
4	36	YDR439W_S288C_03_04_36		1
4	37	YIL124W_S288C_03_04_37		1
4	38	YBR138C_S288C_03_04_38		1
4	39	YDR445C_S288C_03_04_39		1
4	40	YDR440W_S288C_03_04_40		1
4	41	YIL125W_S288C_03_04_41		1
4	42	YBR139W_S288C_03_04_42		1
4	43	YDR537C_S288C_03_04_43		1
4	44	YDR441C_S288C_03_04_44		1
4	45	YIL128W_S288C_03_04_45		1
4	46	YBR141C_S288C_03_04_46		1
4	47	YFR039C_S288C_03_04_47		1
4	48	YDR442W_S288C_03_04_48		1
5	1	YOL109W_S288C_03_05_01		1
5	2	YLR435W_S288C_03_05_02		1
5	3	YOL016C_S288C_03_05_03		1
5	4	YJR122W_S288C_03_05_04		1
5	5	YOL110W_S288C_03_05_05		1
5	6	YLR436C_S288C_03_05_06		1
5	7	YOR096W_S288C_03_05_07		1
5	8	YJR124C_S288C_03_05_08		1
5	9	YOL111C_S288C_03_05_09		1
5	10	YLR437C_S288C_03_05_10		1
5	11	YOR306C_S288C_03_05_11		1
5	12	YJR125C_S288C_03_05_12		1
5	13	YOL112W_S288C_03_05_13		1
5	14	YLR438W_S288C_03_05_14		1
5	15	YOR317W_S288C_03_05_15		1
5	16	YJR126C_S288C_03_05_16		1
5	17	YOL113W_S288C_03_05_17		1
5	18	YLR441C_S288C_03_05_18		1
5	19	YPL132W_S288C_03_05_19		1
5	20	YJR131W_S288C_03_05_20		1
5	21	YOL114C_S288C_03_05_21		1
5	22	YLR443W_S288C_03_05_22		1
5	23	YPL134C_S288C_03_05_23		1
5	24	YJR133W_S288C_03_05_24		1
5	25	YOL115W_S288C_03_05_25		1
5	26	YLR444C_S288C_03_05_26		1
5	27	YML070W_S288C_03_05_27		1
5	28	YJR134C_S288C_03_05_28		1
5	29	YOL116W_S288C_03_05_29		1
5	30	YLR445W_S288C_03_05_30		1
5	31	YML071C_S288C_03_05_31		1
5	32	YJR139C_S288C_03_05_32		1
5	33	YOL117W_S288C_03_05_33		1
5	34	YLR446W_S288C_03_05_34		1
5	35	YML074C_S288C_03_05_35		1
5	36	YJR140C_S288C_03_05_36		1
5	37	YOL118C_S288C_03_05_37		1
5	38	YLR447C_S288C_03_05_38		1
5	39	YML090W_S288C_03_05_39		1
5	40	YJR142W_S288C_03_05_40		1
5	41	YOL119C_S288C_03_05_41		1
5	42	YLR448W_S288C_03_05_42		1
5	43	YML094W_S288C_03_05_43		1
5	44	YJR144W_S288C_03_05_44		1
5	45	YOL121C_S288C_03_05_45		1
5	46	YLR449W_S288C_03_05_46		1
5	47	YML095C_S288C_03_05_47		1
5	48	YJR145C_S288C_03_05_48		1
6	1	YNL016W_S288C_03_06_01		1
6	2	YCR062W_S288C_03_06_02		1
6	3	YBR027C_S288C_03_06_03		1
6	4	YPL137C_S288C_03_06_04		1
6	5	YNL020C_S288C_03_06_05		1
6	6	YCR067C_S288C_03_06_06		1
6	7	YBR028C_S288C_03_06_07		1
6	8	YHR005C_S288C_03_06_08		1
6	9	YNL021W_S288C_03_06_09		1
6	10	YCR069W_S288C_03_06_10		1
6	11	YBR030W_S288C_03_06_11		1
6	12	YNL096C_S288C_03_06_12		1
6	13	YNL022C_S288C_03_06_13		1
6	14	YCR073C_S288C_03_06_14		1
6	15	YBR031W_S288C_03_06_15		1
6	16	YOR179C_S288C_03_06_16		1
6	17	YNL023C_S288C_03_06_17		1
6	18	YCR075C_S288C_03_06_18		1
6	19	YBR032W_S288C_03_06_19		1
6	20	YOR180C_S288C_03_06_20		1
6	21	YNL024C_S288C_03_06_21		1
6	22	YCR083W_S288C_03_06_22		1
6	23	YBR033W_S288C_03_06_23		1
6	24	YDL115C_S288C_03_06_24		1
6	25	YNL025C_S288C_03_06_25		1
6	26	YCR084C_S288C_03_06_26		1
6	27	YBR034C_S288C_03_06_27		1
6	28	YFL013W-A_S288C_03_06_28		1
6	29	YNL027W_S288C_03_06_29		1
6	30	YCR088W_S288C_03_06_30		1
6	31	YBR036C_S288C_03_06_31		1
6	32	YFL014W_S288C_03_06_32		1
6	33	YNL028W_S288C_03_06_33		1
6	34	YCR089W_S288C_03_06_34		1
6	35	YBR037C_S288C_03_06_35		1
6	36	YFL019C_S288C_03_06_36		1
6	37	YNL029C_S288C_03_06_37		1
6	38	YBR191W_S288C_03_06_38		1
6	39	YBR040W_S288C_03_06_39		1
6	40	YFL042C_S288C_03_06_40		1
6	41	YNL030W_S288C_03_06_41		1
6	42	YCL035C_S288C_03_06_42		1
6	43	YBR041W_S288C_03_06_43		1
6	44	YFR019W_S288C_03_06_44		1
6	45	YNL031C_S288C_03_06_45		1
6	46	YDR071C_S288C_03_06_46		1
6	47	YBR042C_S288C_03_06_47		1
6	48	YFR024C_S288C_03_06_48		1
7	1	YPR051W_S288C_03_07_01		1
7	2	YDR043C_S288C_03_07_02		1
7	3	YJL038C_S288C_03_07_03		1
7	4	YJR053W_S288C_03_07_04		1
7	5	YPR052C_S288C_03_07_05		1
7	6	YDR046C_S288C_03_07_06		1
7	7	YJL037W_S288C_03_07_07		1
7	8	YJR054W_S288C_03_07_08		1
7	9	YPR053C_S288C_03_07_09		1
7	10	YAL064C-A_S288C_03_07_10		1
7	11	YJL036W_S288C_03_07_11		1
7	12	YJR055W_S288C_03_07_12		1
7	13	YPR054W_S288C_03_07_13		1
7	14	YBL091C-A_S288C_03_07_14		1
7	15	YJL030W_S288C_03_07_15		1
7	16	YJR056C_S288C_03_07_16		1
7	17	YPR057W_S288C_03_07_17		1
7	18	YBR269C_S288C_03_07_18		1
7	19	YEL012W_S288C_03_07_19		1
7	20	YJR058C_S288C_03_07_20		1
7	21	YPR058W_S288C_03_07_21		1
7	22	YBR271W_S288C_03_07_22		1
7	23	YER031C_S288C_03_07_23		1
7	24	YJR059W_S288C_03_07_24		1
7	25	YPR059C_S288C_03_07_25		1
7	26	YBR273C_S288C_03_07_26		1
7	27	YER046W_S288C_03_07_27		1
7	28	YJR060W_S288C_03_07_28		1
7	29	YPR060C_S288C_03_07_29		1
7	30	YBR274W_S288C_03_07_30		1
7	31	YER063W_S288C_03_07_31		1
7	32	YJR061W_S288C_03_07_32		1
7	33	YPR061C_S288C_03_07_33		1
7	34	YBR277C_S288C_03_07_34		1
7	35	YER066W_S288C_03_07_35		1
7	36	YJR062C_S288C_03_07_36		1
7	37	YPR062W_S288C_03_07_37		1
7	38	YBR278W_S288C_03_07_38		1
7	39	YGR188C_S288C_03_07_39		1
7	40	YJR063W_S288C_03_07_40		1
7	41	YPR063C_S288C_03_07_41		1
7	42	YBR281C_S288C_03_07_42		1
7	43	YGR201C_S288C_03_07_43		1
7	44	YDL096C_S288C_03_07_44		1
7	45	YPR065W_S288C_03_07_45		1
7	46	YBR282W_S288C_03_07_46		1
7	47	YGR204W_S288C_03_07_47		1
7	48	YDL099W_S288C_03_07_48		1
8	1	YIL130W_S288C_03_08_01		1
8	2	YBR144C_S288C_03_08_02		1
8	3	YGL219C_S288C_03_08_03		1
8	4	YDR443C_S288C_03_08_04		1
8	5	YIL132C_S288C_03_08_05		1
8	6	YBR145W_S288C_03_08_06		1
8	7	YGR028W_S288C_03_08_07		1
8	8	YDR446W_S288C_03_08_08		1
8	9	YIL133C_S288C_03_08_09		1
8	10	YBR146W_S288C_03_08_10		1
8	11	YGR032W_S288C_03_08_11		1
8	12	YDR447C_S288C_03_08_12		1
8	13	YIL134W_S288C_03_08_13		1
8	14	YBR147W_S288C_03_08_14		1
8	15	YGR038W_S288C_03_08_15		1
8	16	YDR448W_S288C_03_08_16		1
8	17	YIL135C_S288C_03_08_17		1
8	18	YBR148W_S288C_03_08_18		1
8	19	YGR040W_S288C_03_08_19		1
8	20	YDR450W_S288C_03_08_20		1
8	21	YIL137C_S288C_03_08_21		1
8	22	YBR149W_S288C_03_08_22		1
8	23	YGR050C_S288C_03_08_23		1
8	24	YDR451C_S288C_03_08_24		1
8	25	YIL138C_S288C_03_08_25		1
8	26	YBR151W_S288C_03_08_26		1
8	27	YGR053C_S288C_03_08_27		1
8	28	YDR452W_S288C_03_08_28		1
8	29	YIL139C_S288C_03_08_29		1
8	30	YBR156C_S288C_03_08_30		1
8	31	YGR063C_S288C_03_08_31		1
8	32	YDR453C_S288C_03_08_32		1
8	33	YIL140W_S288C_03_08_33		1
8	34	YBR157C_S288C_03_08_34		1
8	35	YGR086C_S288C_03_08_35		1
8	36	YDR455C_S288C_03_08_36		1
8	37	YIL141W_S288C_03_08_37		1
8	38	YBR158W_S288C_03_08_38		1
8	39	YGR089W_S288C_03_08_39		1
8	40	YDR456W_S288C_03_08_40		1
8	41	YIL145C_S288C_03_08_41		1
8	42	YBR159W_S288C_03_08_42		1
8	43	YGR092W_S288C_03_08_43		1
8	44	YDR457W_S288C_03_08_44		1
8	45	YIL146C_S288C_03_08_45		1
8	46	YBR161W_S288C_03_08_46		1
8	47	YGR093W_S288C_03_08_47		1
8	48	YDR458C_S288C_03_08_48		1
9	1	YOL122C_S288C_03_09_01		1
9	2	YLR450W_S288C_03_09_02		1
9	3	YML095C-A_S288C_03_09_03		1
9	4	YJR148W_S288C_03_09_04		1
9	5	YOL124C_S288C_03_09_05		1
9	6	YLR452C_S288C_03_09_06		1
9	7	YML096W_S288C_03_09_07		1
9	8	YJR150C_S288C_03_09_08		1
9	9	YOL126C_S288C_03_09_09		1
9	10	YLR453C_S288C_03_09_10		1
9	11	YML097C_S288C_03_09_11		1
9	12	YJR153W_S288C_03_09_12		1
9	13	YOL128C_S288C_03_09_13		1
9	14	YLR454W_S288C_03_09_14		1
9	15	YML099C_S288C_03_09_15		1
9	16	YKL005C_S288C_03_09_16		1
9	17	YOL129W_S288C_03_09_17		1
9	18	YLR456W_S288C_03_09_18		1
9	19	YML100W_S288C_03_09_19		1
9	20	YKL030W_S288C_03_09_20		1
9	21	YOL131W_S288C_03_09_21		1
9	22	YLR460C_S288C_03_09_22		1
9	23	YML100W-A_S288C_03_09_23		1
9	24	YLR146C_S288C_03_09_24		1
9	25	YOL132W_S288C_03_09_25		1
9	26	YLR461W_S288C_03_09_26		1
9	27	YML101C_S288C_03_09_27		1
9	28	YLR343W_S288C_03_09_28		1
9	29	YOL136C_S288C_03_09_29		1
9	30	YML009C_S288C_03_09_30		1
9	31	YML102C-A_S288C_03_09_31		1
9	32	YML067C_S288C_03_09_32		1
9	33	WT_S288C_03_09_33		1
9	34	YML010C-B_S288C_03_09_34		1
9	35	YML102W_S288C_03_09_35		1
9	36	YML068W_S288C_03_09_36		1
9	37	YOL137W_S288C_03_09_37		1
9	38	YML021C_S288C_03_09_38		1
9	39	WT_S288C_03_09_39		1
9	40	YML072C_S288C_03_09_40		1
9	41	YOL138C_S288C_03_09_41		1
9	42	YML081C-A_S288C_03_09_42		1
9	43	YML103C_S288C_03_09_43		1
9	44	YMR136W_S288C_03_09_44		1
9	45	YBR232C_S288C_03_09_45		1
9	46	YMR060C_S288C_03_09_46		1
9	47	YML104C_S288C_03_09_47		1
9	48	YMR172W_S288C_03_09_48		1
10	1	YNL032W_S288C_03_10_01		1
10	2	YDR074W_S288C_03_10_02		1
10	3	YBR043C_S288C_03_10_03		1
10	4	YFR025C_S288C_03_10_04		1
10	5	YNL034W_S288C_03_10_05		1
10	6	YER027C_S288C_03_10_06		1
10	7	YBR044C_S288C_03_10_07		1
10	8	YFR030W_S288C_03_10_08		1
10	9	YNL035C_S288C_03_10_09		1
10	10	YER037W_S288C_03_10_10		1
10	11	YBR045C_S288C_03_10_11		1
10	12	YHR146W_S288C_03_10_12		1
10	13	YNL037C_S288C_03_10_13		1
10	14	YGR155W_S288C_03_10_14		1
10	15	YBR046C_S288C_03_10_15		1
10	16	YHR171W_S288C_03_10_16		1
10	17	YNL040W_S288C_03_10_17		1
10	18	YLR192C_S288C_03_10_18		1
10	19	YBR047W_S288C_03_10_19		1
10	20	YJL042W_S288C_03_10_20		1
10	21	YNL041C_S288C_03_10_21		1
10	22	YLR237W_S288C_03_10_22		1
10	23	YBR048W_S288C_03_10_23		1
10	24	YJL070C_S288C_03_10_24		1
10	25	YNL043C_S288C_03_10_25		1
10	26	YLR246W_S288C_03_10_26		1
10	27	YBR050C_S288C_03_10_27		1
10	28	YJL078C_S288C_03_10_28		1
10	29	YNL044W_S288C_03_10_29		1
10	30	YLR334C_S288C_03_10_30		1
10	31	YBR051W_S288C_03_10_31		1
10	32	YJL094C_S288C_03_10_32		1
10	33	YNL045W_S288C_03_10_33		1
10	34	YLR346C_S288C_03_10_34		1
10	35	YBR052C_S288C_03_10_35		1
10	36	YJL101C_S288C_03_10_36		1
10	37	YNL046W_S288C_03_10_37		1
10	38	YLR358C_S288C_03_10_38		1
10	39	YBR053C_S288C_03_10_39		1
10	40	YJL105W_S288C_03_10_40		1
10	41	YNL049C_S288C_03_10_41		1
10	42	YLR361C_S288C_03_10_42		1
10	43	YBR054W_S288C_03_10_43		1
10	44	YJL128C_S288C_03_10_44		1
10	45	YNL050C_S288C_03_10_45		1
10	46	YLR370C_S288C_03_10_46		1
10	47	YBR056W_S288C_03_10_47		1
10	48	YLR455W_S288C_03_10_48		1
11	1	YPR066W_S288C_03_11_01		1
11	2	YBR283C_S288C_03_11_02		1
11	3	YHL002W_S288C_03_11_03		1
11	4	YDL100C_S288C_03_11_04		1
11	5	YPR068C_S288C_03_11_05		1
11	6	YBR284W_S288C_03_11_06		1
11	7	YHL011C_S288C_03_11_07		1
11	8	YDL101C_S288C_03_11_08		1
11	9	YPR069C_S288C_03_11_09		1
11	10	YBR285W_S288C_03_11_10		1
11	11	YHL039W_S288C_03_11_11		1
11	12	YDL104C_S288C_03_11_12		1
11	13	YPR070W_S288C_03_11_13		1
11	14	YBR286W_S288C_03_11_14		1
11	15	YHR003C_S288C_03_11_15		1
11	16	YDL106C_S288C_03_11_16		1
11	17	YPR071W_S288C_03_11_17		1
11	18	YBR290W_S288C_03_11_18		1
11	19	YHR004C_S288C_03_11_19		1
11	20	YDL107W_S288C_03_11_20		1
11	21	YPR073C_S288C_03_11_21		1
11	22	YBR291C_S288C_03_11_22		1
11	23	YHR006W_S288C_03_11_23		1
11	24	YDL109C_S288C_03_11_24		1
11	25	YPR074C_S288C_03_11_25		1
11	26	YBR292C_S288C_03_11_26		1
11	27	YHR008C_S288C_03_11_27		1
11	28	YDL110C_S288C_03_11_28		1
11	29	YPR075C_S288C_03_11_29		1
11	30	YBR293W_S288C_03_11_30		1
11	31	YHR009C_S288C_03_11_31		1
11	32	YDL112W_S288C_03_11_32		1
11	33	YPR076W_S288C_03_11_33		1
11	34	YBR295W_S288C_03_11_34		1
11	35	YHR025W_S288C_03_11_35		1
11	36	YDL113C_S288C_03_11_36		1
11	37	YPR077C_S288C_03_11_37		1
11	38	YBR296C_S288C_03_11_38		1
11	39	YHR026W_S288C_03_11_39		1
11	40	YDL114W_S288C_03_11_40		1
11	41	WT_S288C_03_11_41		1
11	42	YBR297W_S288C_03_11_42		1
11	43	YHR041C_S288C_03_11_43		1
11	44	YDL116W_S288C_03_11_44		1
11	45	YPR079W_S288C_03_11_45		1
11	46	YBR298C_S288C_03_11_46		1
11	47	WT_S288C_03_11_47		1
11	48	YDL117W_S288C_03_11_48		1
12	1	YIL148W_S288C_03_12_01		1
12	2	YBR162C_S288C_03_12_02		1
12	3	YGR106C_S288C_03_12_03		1
12	4	YDR459C_S288C_03_12_04		1
12	5	YIL149C_S288C_03_12_05		1
12	6	YBR162W-A_S288C_03_12_06		1
12	7	YGR110W_S288C_03_12_07		1
12	8	YDR462W_S288C_03_12_08		1
12	9	YIL152W_S288C_03_12_09		1
12	10	YBR163W_S288C_03_12_10		1
12	11	YGR117C_S288C_03_12_11		1
12	12	YDR463W_S288C_03_12_12		1
12	13	YIL153W_S288C_03_12_13		1
12	14	YBR164C_S288C_03_12_14		1
12	15	YGR238C_S288C_03_12_15		1
12	16	YDR465C_S288C_03_12_16		1
12	17	YIL154C_S288C_03_12_17		1
12	18	YBR165W_S288C_03_12_18		1
12	19	YGR239C_S288C_03_12_19		1
12	20	YDR466W_S288C_03_12_20		1
12	21	YIL155C_S288C_03_12_21		1
12	22	YBR166C_S288C_03_12_22		1
12	23	YGR248W_S288C_03_12_23		1
12	24	YDR467C_S288C_03_12_24		1
12	25	YIL156W_S288C_03_12_25		1
12	26	YBR170C_S288C_03_12_26		1
12	27	YGR250C_S288C_03_12_27		1
12	28	YDR469W_S288C_03_12_28		1
12	29	YIL157C_S288C_03_12_29		1
12	30	YBR171W_S288C_03_12_30		1
12	31	YJL129C_S288C_03_12_31		1
12	32	YDR470C_S288C_03_12_32		1
12	33	YIL159W_S288C_03_12_33		1
12	34	YBR172C_S288C_03_12_34		1
12	35	YJL132W_S288C_03_12_35		1
12	36	YDR471W_S288C_03_12_36		1
12	37	YIL160C_S288C_03_12_37		1
12	38	YDL001W_S288C_03_12_38		1
12	39	YJL136C_S288C_03_12_39		1
12	40	YDR474C_S288C_03_12_40		1
12	41	YIL161W_S288C_03_12_41		1
12	42	YDL002C_S288C_03_12_42		1
12	43	YJL137C_S288C_03_12_43		1
12	44	YDR475C_S288C_03_12_44		1
12	45	YIL162W_S288C_03_12_45		1
12	46	YDL006W_S288C_03_12_46		1
12	47	YJL139C_S288C_03_12_47		1
12	48	YDR476C_S288C_03_12_48		1
13	1	YDR424C_S288C_03_13_01		1
13	2	WT_S288C_03_13_02		1
13	3	YML106W_S288C_03_13_03		1
13	4	YOR300W_S288C_03_13_04		1
13	5	YEL011W_S288C_03_13_05		1
13	6	YMR158C-B_S288C_03_13_06		1
13	7	YML107C_S288C_03_13_07		1
13	8	WT_S288C_03_13_08		1
13	9	YER064C_S288C_03_13_09		1
13	10	YMR169C_S288C_03_13_10		1
13	11	YML108W_S288C_03_13_11		1
13	12	YOR309C_S288C_03_13_12		1
13	13	YER077C_S288C_03_13_13		1
13	14	YMR174C_S288C_03_13_14		1
13	15	YML109W_S288C_03_13_15		1
13	16	YDL191W_S288C_03_13_16		1
13	17	YER078C_S288C_03_13_17		1
13	18	YMR175W_S288C_03_13_18		1
13	19	YML113W_S288C_03_13_19		1
13	20	YDL192W_S288C_03_13_20		1
13	21	YER088C_S288C_03_13_21		1
13	22	YMR194C-A_S288C_03_13_22		1
13	23	YML116W_S288C_03_13_23		1
13	24	YDL197C_S288C_03_13_24		1
13	25	YER090W_S288C_03_13_25		1
13	26	YMR326C_S288C_03_13_26		1
13	27	YML117W_S288C_03_13_27		1
13	28	YDL198C_S288C_03_13_28		1
13	29	YER091C_S288C_03_13_29		1
13	30	YNR032C-A_S288C_03_13_30		1
13	31	YML117W-A_S288C_03_13_31		1
13	32	YDL199C_S288C_03_13_32		1
13	33	YER092W_S288C_03_13_33		1
13	34	YNR050C_S288C_03_13_34		1
13	35	YML118W_S288C_03_13_35		1
13	36	YDL200C_S288C_03_13_36		1
13	37	YER093C-A_S288C_03_13_37		1
13	38	YNR051C_S288C_03_13_38		1
13	39	YML119W_S288C_03_13_39		1
13	40	YDL201W_S288C_03_13_40		1
13	41	YER095W_S288C_03_13_41		1
13	42	YNR056C_S288C_03_13_42		1
13	43	YML120C_S288C_03_13_43		1
13	44	YDL203C_S288C_03_13_44		1
13	45	YER096W_S288C_03_13_45		1
13	46	YNR057C_S288C_03_13_46		1
13	47	YML121W_S288C_03_13_47		1
13	48	YDL204W_S288C_03_13_48		1
14	1	YNR001C_S288C_03_14_01		1
14	2	YLR382C_S288C_03_14_02		1
14	3	YBR057C_S288C_03_14_03		1
14	4	YKR094C_S288C_03_14_04		1
14	5	YNR002C_S288C_03_14_05		1
14	6	YLR394W_S288C_03_14_06		1
14	7	YBR058C_S288C_03_14_07		1
14	8	YKR095W_S288C_03_14_08		1
14	9	YNR004W_S288C_03_14_09		1
14	10	YLR406C_S288C_03_14_10		1
14	11	YBR059C_S288C_03_14_11		1
14	12	YKR096W_S288C_03_14_12		1
14	13	YNR005C_S288C_03_14_13		1
14	14	YML022W_S288C_03_14_14		1
14	15	YBR061C_S288C_03_14_15		1
14	16	YKR102W_S288C_03_14_16		1
14	17	WT_S288C_03_14_17		1
14	18	YML027W_S288C_03_14_18		1
14	19	YBR062C_S288C_03_14_19		1
14	20	YLR110C_S288C_03_14_20		1
14	21	YNR006W_S288C_03_14_21		1
14	22	YML036W_S288C_03_14_22		1
14	23	WT_S288C_03_14_23		1
14	24	YLR390W-A_S288C_03_14_24		1
14	25	YNR007C_S288C_03_14_25		1
14	26	YML038C_S288C_03_14_26		1
14	27	YBR063C_S288C_03_14_27		1
14	28	YLR439W_S288C_03_14_28		1
14	29	YNR008W_S288C_03_14_29		1
14	30	YML041C_S288C_03_14_30		1
14	31	YBR064W_S288C_03_14_31		1
14	32	YLR442C_S288C_03_14_32		1
14	33	YNR009W_S288C_03_14_33		1
14	34	WT_S288C_03_14_34		1
14	35	YBR065C_S288C_03_14_35		1
14	36	YNL268W_S288C_03_14_36		1
14	37	YNR010W_S288C_03_14_37		1
14	38	YML042W_S288C_03_14_38		1
14	39	YBR066C_S288C_03_14_39		1
14	40	WT_S288C_03_14_40		1
14	41	YNR012W_S288C_03_14_41		1
14	42	YML047C_S288C_03_14_42		1
14	43	YBR067C_S288C_03_14_43		1
14	44	YML066C_S288C_03_14_44		1
14	45	YNR013C_S288C_03_14_45		1
14	46	YML075C_S288C_03_14_46		1
14	47	YBR068C_S288C_03_14_47		1
14	48	YML115C_S288C_03_14_48		1
15	1	YPR084W_S288C_03_15_01		1
15	2	YBR300C_S288C_03_15_02		1
15	3	YHR059W_S288C_03_15_03		1
15	4	YDL118W_S288C_03_15_04		1
15	5	YPR087W_S288C_03_15_05		1
15	6	YCL001W-A_S288C_03_15_06		1
15	7	YHR067W_S288C_03_15_07		1
15	8	YDL119C_S288C_03_15_08		1
15	9	YPR089W_S288C_03_15_09		1
15	10	WT_S288C_03_15_10		1
15	11	YHR127W_S288C_03_15_11		1
15	12	YDL121C_S288C_03_15_12		1
15	13	YPR090W_S288C_03_15_13		1
15	14	YCR020W-B_S288C_03_15_14		1
15	15	YHR131C_S288C_03_15_15		1
15	16	WT_S288C_03_15_16		1
15	17	YPR092W_S288C_03_15_17		1
15	18	YCR024C_S288C_03_15_18		1
15	19	YHR180W_S288C_03_15_19		1
15	20	YDL122W_S288C_03_15_20		1
15	21	YPR093C_S288C_03_15_21		1
15	22	YCR024C-A_S288C_03_15_22		1
15	23	YHR185C_S288C_03_15_23		1
15	24	YDL123W_S288C_03_15_24		1
15	25	YPR095C_S288C_03_15_25		1
15	26	YCR025C_S288C_03_15_26		1
15	27	YHR194W_S288C_03_15_27		1
15	28	YDL124W_S288C_03_15_28		1
15	29	YPR096C_S288C_03_15_29		1
15	30	YCR026C_S288C_03_15_30		1
15	31	YLL007C_S288C_03_15_31		1
15	32	YDL125C_S288C_03_15_32		1
15	33	YPR097W_S288C_03_15_33		1
15	34	YCR027C_S288C_03_15_34		1
15	35	YMR154C_S288C_03_15_35		1
15	36	YDL127W_S288C_03_15_36		1
15	37	YPR098C_S288C_03_15_37		1
15	38	YCR028C_S288C_03_15_38		1
15	39	YNL274C_S288C_03_15_39		1
15	40	YDL128W_S288C_03_15_40		1
15	41	YPR099C_S288C_03_15_41		1
15	42	YCR031C_S288C_03_15_42		1
15	43	YOL141W_S288C_03_15_43		1
15	44	YDL129W_S288C_03_15_44		1
15	45	YPR100W_S288C_03_15_45		1
15	46	YCR034W_S288C_03_15_46		1
15	47	YOL150C_S288C_03_15_47		1
15	48	YDL130W_S288C_03_15_48		1
16	1	YIL163C_S288C_03_16_01		1
16	2	YDL009C_S288C_03_16_02		1
16	3	YOL125W_S288C_03_16_03		1
16	4	YDR479C_S288C_03_16_04		1
16	5	YIL164C_S288C_03_16_05		1
16	6	YDL010W_S288C_03_16_06		1
16	7	YJL141C_S288C_03_16_07		1
16	8	YDR480W_S288C_03_16_08		1
16	9	YIL165C_S288C_03_16_09		1
16	10	YDL011C_S288C_03_16_10		1
16	11	YJL151C_S288C_03_16_11		1
16	12	YDR481C_S288C_03_16_12		1
16	13	YIL166C_S288C_03_16_13		1
16	14	YDL012C_S288C_03_16_14		1
16	15	YJL160C_S288C_03_16_15		1
16	16	YDR482C_S288C_03_16_16		1
16	17	YIL167W_S288C_03_16_17		1
16	18	YDL013W_S288C_03_16_18		1
16	19	YJL161W_S288C_03_16_19		1
16	20	YDR484W_S288C_03_16_20		1
16	21	YIL168W_S288C_03_16_21		1
16	22	YDL018C_S288C_03_16_22		1
16	23	YJL163C_S288C_03_16_23		1
16	24	YDR485C_S288C_03_16_24		1
16	25	WT_S288C_03_16_25		1
16	26	YDL019C_S288C_03_16_26		1
16	27	YJL165C_S288C_03_16_27		1
16	28	YDR486C_S288C_03_16_28		1
16	29	YIL170W_S288C_03_16_29		1
16	30	YDL020C_S288C_03_16_30		1
16	31	WT_S288C_03_16_31		1
16	32	YDR488C_S288C_03_16_32		1
16	33	YIL173W_S288C_03_16_33		1
16	34	YDL021W_S288C_03_16_34		1
16	35	YJL172W_S288C_03_16_35		1
16	36	YDR490C_S288C_03_16_36		1
16	37	YIR001C_S288C_03_16_37		1
16	38	YDL022W_S288C_03_16_38		1
16	39	YJL175W_S288C_03_16_39		1
16	40	YDR491C_S288C_03_16_40		1
16	41	YIR002C_S288C_03_16_41		1
16	42	WT_S288C_03_16_42		1
16	43	YJL177W_S288C_03_16_43		1
16	44	YDR492W_S288C_03_16_44		1
16	45	YIR003W_S288C_03_16_45		1
16	46	YDL023C_S288C_03_16_46		1
16	47	YJL189W_S288C_03_16_47		1
16	48	WT_S288C_03_16_48		1
17	1	YER097W_S288C_03_17_01		1
17	2	YNR058W_S288C_03_17_02		1
17	3	YML122C_S288C_03_17_03		1
17	4	YDL206W_S288C_03_17_04		1
17	5	YER098W_S288C_03_17_05		1
17	6	YNR059W_S288C_03_17_06		1
17	7	YML123C_S288C_03_17_07		1
17	8	YDL210W_S288C_03_17_08		1
17	9	YGR134W_S288C_03_17_09		1
17	10	YNR060W_S288C_03_17_10		1
17	11	YML124C_S288C_03_17_11		1
17	12	YDL211C_S288C_03_17_12		1
17	13	YGR210C_S288C_03_17_13		1
17	14	YNR061C_S288C_03_17_14		1
17	15	YML128C_S288C_03_17_15		1
17	16	YDL213C_S288C_03_17_16		1
17	17	YHL024W_S288C_03_17_17		1
17	18	YNR062C_S288C_03_17_18		1
17	19	YML131W_S288C_03_17_19		1
17	20	YDL214C_S288C_03_17_20		1
17	21	YHL025W_S288C_03_17_21		1
17	22	YNR063W_S288C_03_17_22		1
17	23	YMR004W_S288C_03_17_23		1
17	24	YDL215C_S288C_03_17_24		1
17	25	YHR016C_S288C_03_17_25		1
17	26	YNR064C_S288C_03_17_26		1
17	27	YMR095C_S288C_03_17_27		1
17	28	YDL216C_S288C_03_17_28		1
17	29	YHR017W_S288C_03_17_29		1
17	30	YNR065C_S288C_03_17_30		1
17	31	YMR096W_S288C_03_17_31		1
17	32	YDL218W_S288C_03_17_32		1
17	33	YHR032W_S288C_03_17_33		1
17	34	YNR066C_S288C_03_17_34		1
17	35	YMR099C_S288C_03_17_35		1
17	36	YDL219W_S288C_03_17_36		1
17	37	YHR045W_S288C_03_17_37		1
17	38	YNR067C_S288C_03_17_38		1
17	39	YMR100W_S288C_03_17_39		1
17	40	YDL222C_S288C_03_17_40		1
17	41	YHR064C_S288C_03_17_41		1
17	42	YNR068C_S288C_03_17_42		1
17	43	YMR101C_S288C_03_17_43		1
17	44	YDL223C_S288C_03_17_44		1
17	45	YHR140W_S288C_03_17_45		1
17	46	YAL012W_S288C_03_17_46		1
17	47	YMR102C_S288C_03_17_47		1
17	48	YDL224C_S288C_03_17_48		1
18	1	YNR014W_S288C_03_18_01		1
18	2	YML076C_S288C_03_18_02		1
18	3	YBR069C_S288C_03_18_03		1
18	4	YMR037C_S288C_03_18_04		1
18	5	YNR015W_S288C_03_18_05		1
18	6	YML086C_S288C_03_18_06		1
18	7	YBR071W_S288C_03_18_07		1
18	8	YMR104C_S288C_03_18_08		1
18	9	YNR018W_S288C_03_18_09		1
18	10	YMR048W_S288C_03_18_10		1
18	11	YBR072W_S288C_03_18_11		1
18	12	YNL109W_S288C_03_18_12		1
18	13	YNR019W_S288C_03_18_13		1
18	14	YMR135W-A_S288C_03_18_14		1
18	15	YBR073W_S288C_03_18_15		1
18	16	YNR052C_S288C_03_18_16		1
18	17	YNR020C_S288C_03_18_17		1
18	18	YMR137C_S288C_03_18_18		1
18	19	YBR074W_S288C_03_18_19		1
18	20	YNR055C_S288C_03_18_20		1
18	21	YNR021W_S288C_03_18_21		1
18	22	YMR138W_S288C_03_18_22		1
18	23	YBR075W_S288C_03_18_23		1
18	24	YNR069C_S288C_03_18_24		1
18	25	YNR022C_S288C_03_18_25		1
18	26	YMR139W_S288C_03_18_26		1
18	27	YBR076W_S288C_03_18_27		1
18	28	YNL111C_S288C_03_18_28		1
18	29	YNR024W_S288C_03_18_29		1
18	30	YMR160W_S288C_03_18_30		1
18	31	YBR077C_S288C_03_18_31		1
18	32	YOL147C_S288C_03_18_32		1
18	33	YNR025C_S288C_03_18_33		1
18	34	YMR173W_S288C_03_18_34		1
18	35	YNL146W_S288C_03_18_35		1
18	36	YPR007C_S288C_03_18_36		1
18	37	YNR027W_S288C_03_18_37		1
18	38	YMR198W_S288C_03_18_38		1
18	39	YNL145W_S288C_03_18_39		1
18	40	YPR008W_S288C_03_18_40		1
18	41	YNR028W_S288C_03_18_41		1
18	42	YOR298C-A_S288C_03_18_42		1
18	43	YNL144C_S288C_03_18_43		1
18	44	YPR013C_S288C_03_18_44		1
18	45	YNR029C_S288C_03_18_45		1
18	46	YOR364W_S288C_03_18_46		1
18	47	YNL143C_S288C_03_18_47		1
18	48	YPR022C_S288C_03_18_48		1
19	1	YPR101W_S288C_03_19_01		1
19	2	YCR036W_S288C_03_19_02		1
19	3	YOL158C_S288C_03_19_03		1
19	4	YDL131W_S288C_03_19_04		1
19	5	YJL127C_S288C_03_19_05		1
19	6	YCR037C_S288C_03_19_06		1
19	7	YOL159C_S288C_03_19_07		1
19	8	YDL133W_S288C_03_19_08		1
19	9	YJL126W_S288C_03_19_09		1
19	10	YCR043C_S288C_03_19_10		1
19	11	YOL160W_S288C_03_19_11		1
19	12	YDL134C_S288C_03_19_12		1
19	13	YJL124C_S288C_03_19_13		1
19	14	YCR045C_S288C_03_19_14		1
19	15	YOL162W_S288C_03_19_15		1
19	16	YDL134C-A_S288C_03_19_16		1
19	17	YJL123C_S288C_03_19_17		1
19	18	YCR049C_S288C_03_19_18		1
19	19	YOL163W_S288C_03_19_19		1
19	20	YDL135C_S288C_03_19_20		1
19	21	YJL122W_S288C_03_19_21		1
19	22	YCR050C_S288C_03_19_22		1
19	23	YJR073C_S288C_03_19_23		1
19	24	YDL136W_S288C_03_19_24		1
19	25	YJL120W_S288C_03_19_25		1
19	26	YCR051W_S288C_03_19_26		1
19	27	YJR075W_S288C_03_19_27		1
19	28	YDL137W_S288C_03_19_28		1
19	29	YJL121C_S288C_03_19_29		1
19	30	YCR059C_S288C_03_19_30		1
19	31	YJR078W_S288C_03_19_31		1
19	32	YDL138W_S288C_03_19_32		1
19	33	YJL118W_S288C_03_19_33		1
19	34	YCR061W_S288C_03_19_34		1
19	35	YJR079W_S288C_03_19_35		1
19	36	YDL142C_S288C_03_19_36		1
19	37	YJL119C_S288C_03_19_37		1
19	38	YCR065W_S288C_03_19_38		1
19	39	YJR082C_S288C_03_19_39		1
19	40	YDL144C_S288C_03_19_40		1
19	41	YJL117W_S288C_03_19_41		1
19	42	YCR066W_S288C_03_19_42		1
19	43	YJR083C_S288C_03_19_43		1
19	44	YDL146W_S288C_03_19_44		1
19	45	YJL116C_S288C_03_19_45		1
19	46	YCR068W_S288C_03_19_46		1
19	47	YJR088C_S288C_03_19_47		1
19	48	YDL149W_S288C_03_19_48		1
20	1	YIR005W_S288C_03_20_01		1
20	2	YDL024C_S288C_03_20_02		1
20	3	YJL191W_S288C_03_20_03		1
20	4	YDR494W_S288C_03_20_04		1
20	5	YIR007W_S288C_03_20_05		1
20	6	YDL025C_S288C_03_20_06		1
20	7	YJL196C_S288C_03_20_07		1
20	8	YDR495C_S288C_03_20_08		1
20	9	YIR009W_S288C_03_20_09		1
20	10	YDL026W_S288C_03_20_10		1
20	11	YJL200C_S288C_03_20_11		1
20	12	YDR496C_S288C_03_20_12		1
20	13	YIR013C_S288C_03_20_13		1
20	14	YDL027C_S288C_03_20_14		1
20	15	YJL206C_S288C_03_20_15		1
20	16	YDR497C_S288C_03_20_16		1
20	17	YIR014W_S288C_03_20_17		1
20	18	YDL032W_S288C_03_20_18		1
20	19	YJL213W_S288C_03_20_19		1
20	20	YDR500C_S288C_03_20_20		1
20	21	YIR016W_S288C_03_20_21		1
20	22	YDL033C_S288C_03_20_22		1
20	23	YKL096W-A_S288C_03_20_23		1
20	24	YDR501W_S288C_03_20_24		1
20	25	YDL194W_S288C_03_20_25		1
20	26	YDL034W_S288C_03_20_26		1
20	27	YKL115C_S288C_03_20_27		1
20	28	YDR503C_S288C_03_20_28		1
20	29	YDR007W_S288C_03_20_29		1
20	30	YDL035C_S288C_03_20_30		1
20	31	YKL139W_S288C_03_20_31		1
20	32	YDR504C_S288C_03_20_32		1
20	33	YDR048C_S288C_03_20_33		1
20	34	YDL036C_S288C_03_20_34		1
20	35	YKL194C_S288C_03_20_35		1
20	36	YDR505C_S288C_03_20_36		1
20	37	YFR011C_S288C_03_20_37		1
20	38	YDL037C_S288C_03_20_38		1
20	39	YKL201C_S288C_03_20_39		1
20	40	YDR506C_S288C_03_20_40		1
20	41	YFR013W_S288C_03_20_41		1
20	42	YDL038C_S288C_03_20_42		1
20	43	YKL202W_S288C_03_20_43		1
20	44	YDR507C_S288C_03_20_44		1
20	45	YNL051W_S288C_03_20_45		1
20	46	YDL039C_S288C_03_20_46		1
20	47	YKL204W_S288C_03_20_47		1
20	48	YDR508C_S288C_03_20_48		1
21	1	YHR162W_S288C_03_21_01		1
21	2	YAL047C_S288C_03_21_02		1
21	3	YMR103C_S288C_03_21_03		1
21	4	YDL225W_S288C_03_21_04		1
21	5	YHR168W_S288C_03_21_05		1
21	6	YAL054C_S288C_03_21_06		1
21	7	YMR105C_S288C_03_21_07		1
21	8	YDL226C_S288C_03_21_08		1
21	9	YHR181W_S288C_03_21_09		1
21	10	YAL058C-A_S288C_03_21_10		1
21	11	YMR106C_S288C_03_21_11		1
21	12	YDL227C_S288C_03_21_12		1
21	13	YHR191C_S288C_03_21_13		1
21	14	YAR050W_S288C_03_21_14		1
21	15	YMR107W_S288C_03_21_15		1
21	16	YDL229W_S288C_03_21_16		1
21	17	YHR193C_S288C_03_21_17		1
21	18	YCL006C_S288C_03_21_18		1
21	19	YMR109W_S288C_03_21_19		1
21	20	YDL230W_S288C_03_21_20		1
21	21	YLL030C_S288C_03_21_21		1
21	22	YCL022C_S288C_03_21_22		1
21	23	YMR110C_S288C_03_21_23		1
21	24	YDL231C_S288C_03_21_24		1
21	25	YLL044W_S288C_03_21_25		1
21	26	YCL023C_S288C_03_21_26		1
21	27	YMR111C_S288C_03_21_27		1
21	28	YDL232W_S288C_03_21_28		1
21	29	YLL048C_S288C_03_21_29		1
21	30	YCL038C_S288C_03_21_30		1
21	31	YMR114C_S288C_03_21_31		1
21	32	YDL233W_S288C_03_21_32		1
21	33	YLL049W_S288C_03_21_33		1
21	34	YCL058C_S288C_03_21_34		1
21	35	YMR115W_S288C_03_21_35		1
21	36	YDL234C_S288C_03_21_36		1
21	37	YLL059C_S288C_03_21_37		1
21	38	YCL074W_S288C_03_21_38		1
21	39	YMR116C_S288C_03_21_39		1
21	40	YDL236W_S288C_03_21_40		1
21	41	YLR030W_S288C_03_21_41		1
21	42	YCL075W_S288C_03_21_42		1
21	43	YMR119W-A_S288C_03_21_43		1
21	44	YDL237W_S288C_03_21_44		1
21	45	YLR031W_S288C_03_21_45		1
21	46	YCL076W_S288C_03_21_46		1
21	47	YMR120C_S288C_03_21_47		1
21	48	YDL238C_S288C_03_21_48		1
22	1	YNR030W_S288C_03_22_01		1
22	2	YPL183C_S288C_03_22_02		1
22	3	YNL141W_S288C_03_22_03		1
22	4	YPR023C_S288C_03_22_04		1
22	5	YNR031C_S288C_03_22_05		1
22	6	YPL183W-A_S288C_03_22_06		1
22	7	YNL139C_S288C_03_22_07		1
22	8	YPR024W_S288C_03_22_08		1
22	9	YNR032W_S288C_03_22_09		1
22	10	YPL189W_S288C_03_22_10		1
22	11	YNL136W_S288C_03_22_11		1
22	12	YPR026W_S288C_03_22_12		1
22	13	YNR034W_S288C_03_22_13		1
22	14	YPL224C_S288C_03_22_14		1
22	15	YNL135C_S288C_03_22_15		1
22	16	YPR031W_S288C_03_22_16		1
22	17	YNR036C_S288C_03_22_17		1
22	18	YGR295C_S288C_03_22_18		1
22	19	YNL134C_S288C_03_22_19		1
22	20	YPR037C_S288C_03_22_20		1
22	21	YNR037C_S288C_03_22_21		1
22	22	YHR132W-A_S288C_03_22_22		1
22	23	YNL133C_S288C_03_22_23		1
22	24	YPR043W_S288C_03_22_24		1
22	25	YNR039C_S288C_03_22_25		1
22	26	YIL030C_S288C_03_22_26		1
22	27	YNL129W_S288C_03_22_27		1
22	28	YPR050C_S288C_03_22_28		1
22	29	YNR040W_S288C_03_22_29		1
22	30	YIL058W_S288C_03_22_30		1
22	31	YNL128W_S288C_03_22_31		1
22	32	YPR064W_S288C_03_22_32		1
22	33	YNR041C_S288C_03_22_33		1
22	34	YIL092W_S288C_03_22_34		1
22	35	YNL127W_S288C_03_22_35		1
22	36	YPR078C_S288C_03_22_36		1
22	37	YNR042W_S288C_03_22_37		1
22	38	YIR023W_S288C_03_22_38		1
22	39	YNL123W_S288C_03_22_39		1
22	40	YBR081C_S288C_03_22_40		1
22	41	YNR045W_S288C_03_22_41		1
22	42	YIR030C_S288C_03_22_42		1
22	43	YNL122C_S288C_03_22_43		1
22	44	YBR082C_S288C_03_22_44		1
22	45	YNR047W_S288C_03_22_45		1
22	46	YIR032C_S288C_03_22_46		1
22	47	YNL117W_S288C_03_22_47		1
22	48	YBR084W_S288C_03_22_48		1
23	1	YJL115W_S288C_03_23_01		1
23	2	YCR071C_S288C_03_23_02		1
23	3	YJR092W_S288C_03_23_03		1
23	4	YDL151C_S288C_03_23_04		1
23	5	YJL112W_S288C_03_23_05		1
23	6	YCR073W-A_S288C_03_23_06		1
23	7	YJR102C_S288C_03_23_07		1
23	8	YDL154W_S288C_03_23_08		1
23	9	YJL110C_S288C_03_23_09		1
23	10	YCR076C_S288C_03_23_10		1
23	11	YJR103W_S288C_03_23_11		1
23	12	YDL155W_S288C_03_23_12		1
23	13	YJL108C_S288C_03_23_13		1
23	14	YCR077C_S288C_03_23_14		1
23	15	YJR105W_S288C_03_23_15		1
23	16	YDL156W_S288C_03_23_16		1
23	17	YJL107C_S288C_03_23_17		1
23	18	YCR079W_S288C_03_23_18		1
23	19	YJR108W_S288C_03_23_19		1
23	20	YDL157C_S288C_03_23_20		1
23	21	YJL106W_S288C_03_23_21		1
23	22	YCR081W_S288C_03_23_22		1
23	23	YJR110W_S288C_03_23_23		1
23	24	YDL159W_S288C_03_23_24		1
23	25	YJL102W_S288C_03_23_25		1
23	26	YCR082W_S288C_03_23_26		1
23	27	YJR111C_S288C_03_23_27		1
23	28	YDL161W_S288C_03_23_28		1
23	29	YJL100W_S288C_03_23_29		1
23	30	YCR085W_S288C_03_23_30		1
23	31	YJR115W_S288C_03_23_31		1
23	32	YDL162C_S288C_03_23_32		1
23	33	YJL099W_S288C_03_23_33		1
23	34	YCR086W_S288C_03_23_34		1
23	35	YJR127C_S288C_03_23_35		1
23	36	YDL168W_S288C_03_23_36		1
23	37	YJL098W_S288C_03_23_37		1
23	38	YCR087C-A_S288C_03_23_38		1
23	39	YJR128W_S288C_03_23_39		1
23	40	YDL169C_S288C_03_23_40		1
23	41	YJL096W_S288C_03_23_41		1
23	42	YCR087W_S288C_03_23_42		1
23	43	YJR129C_S288C_03_23_43		1
23	44	YDL170W_S288C_03_23_44		1
23	45	YJL095W_S288C_03_23_45		1
23	46	YJL007C_S288C_03_23_46		1
23	47	YJR130C_S288C_03_23_47		1
23	48	YDL171C_S288C_03_23_48		1
24	1	YNL052W_S288C_03_24_01		1
24	2	YDL041W_S288C_03_24_02		1
24	3	YKL215C_S288C_03_24_03		1
24	4	YDR509W_S288C_03_24_04		1
24	5	YNL056W_S288C_03_24_05		1
24	6	YDL042C_S288C_03_24_06		1
24	7	YKL220C_S288C_03_24_07		1
24	8	YDR511W_S288C_03_24_08		1
24	9	YNL065W_S288C_03_24_09		1
24	10	YDL044C_S288C_03_24_10		1
24	11	YKR010C_S288C_03_24_11		1
24	12	YDR512C_S288C_03_24_12		1
24	13	YNL066W_S288C_03_24_13		1
24	14	YDL045W-A_S288C_03_24_14		1
24	15	YKR019C_S288C_03_24_15		1
24	16	YDR513W_S288C_03_24_16		1
24	17	YNL067W_S288C_03_24_17		1
24	18	YDL046W_S288C_03_24_18		1
24	19	YKR023W_S288C_03_24_19		1
24	20	YDR514C_S288C_03_24_20		1
24	21	YNL068C_S288C_03_24_21		1
24	22	YDL048C_S288C_03_24_22		1
24	23	YKR027W_S288C_03_24_23		1
24	24	YDR516C_S288C_03_24_24		1
24	25	YNL070W_S288C_03_24_25		1
24	26	YDL049C_S288C_03_24_26		1
24	27	YKR028W_S288C_03_24_27		1
24	28	YDR517W_S288C_03_24_28		1
24	29	YNL071W_S288C_03_24_29		1
24	30	YDL050C_S288C_03_24_30		1
24	31	YKR029C_S288C_03_24_31		1
24	32	YDR518W_S288C_03_24_32		1
24	33	YNL072W_S288C_03_24_33		1
24	34	YDL051W_S288C_03_24_34		1
24	35	YKR034W_S288C_03_24_35		1
24	36	YDR519W_S288C_03_24_36		1
24	37	YNL073W_S288C_03_24_37		1
24	38	YDL052C_S288C_03_24_38		1
24	39	YKR036C_S288C_03_24_39		1
24	40	YDR520C_S288C_03_24_40		1
24	41	YNL074C_S288C_03_24_41		1
24	42	YDL053C_S288C_03_24_42		1
24	43	YKR039W_S288C_03_24_43		1
24	44	YDR522C_S288C_03_24_44		1
24	45	YNL076W_S288C_03_24_45		1
24	46	YDL054C_S288C_03_24_46		1
24	47	YKR040C_S288C_03_24_47		1
24	48	YDR524C_S288C_03_24_48		1
25	1	YLR032W_S288C_03_25_01		1
25	2	YGL199C_S288C_03_25_02		1
25	3	YMR121C_S288C_03_25_03		1
25	4	YDL239C_S288C_03_25_04		1
25	5	YLR034C_S288C_03_25_05		1
25	6	YGL214W_S288C_03_25_06		1
25	7	YMR122C_S288C_03_25_07		1
25	8	YDL240W_S288C_03_25_08		1
25	9	YLR035C_S288C_03_25_09		1
25	10	YGL217C_S288C_03_25_10		1
25	11	YMR123W_S288C_03_25_11		1
25	12	YDL241W_S288C_03_25_12		1
25	13	YLR036C_S288C_03_25_13		1
25	14	YGL235W_S288C_03_25_14		1
25	15	YMR124W_S288C_03_25_15		1
25	16	YDL242W_S288C_03_25_16		1
25	17	YLR037C_S288C_03_25_17		1
25	18	YGR011W_S288C_03_25_18		1
25	19	YMR125W_S288C_03_25_19		1
25	20	YDL243C_S288C_03_25_20		1
25	21	YLR038C_S288C_03_25_21		1
25	22	YGR018C_S288C_03_25_22		1
25	23	YMR126C_S288C_03_25_23		1
25	24	YDR001C_S288C_03_25_24		1
25	25	YLR039C_S288C_03_25_25		1
25	26	YGR022C_S288C_03_25_26		1
25	27	YMR127C_S288C_03_25_27		1
25	28	YDR003W_S288C_03_25_28		1
25	29	YLR040C_S288C_03_25_29		1
25	30	YGR025W_S288C_03_25_30		1
25	31	YMR129W_S288C_03_25_31		1
25	32	YDR004W_S288C_03_25_32		1
25	33	YLR041W_S288C_03_25_33		1
25	34	YJR069C_S288C_03_25_34		1
25	35	YMR130W_S288C_03_25_35		1
25	36	YDR005C_S288C_03_25_36		1
25	37	YLR050C_S288C_03_25_37		1
25	38	YJR070C_S288C_03_25_38		1
25	39	YMR132C_S288C_03_25_39		1
25	40	YDR006C_S288C_03_25_40		1
25	41	YLR052W_S288C_03_25_41		1
25	42	YJR074W_S288C_03_25_42		1
25	43	YMR133W_S288C_03_25_43		1
25	44	YDR008C_S288C_03_25_44		1
25	45	YMR142C_S288C_03_25_45		1
25	46	YJR077C_S288C_03_25_46		1
25	47	YMR135C_S288C_03_25_47		1
25	48	YDR009W_S288C_03_25_48		1
26	1	YNR048W_S288C_03_26_01		1
26	2	YIR043C_S288C_03_26_02		1
26	3	YNL116W_S288C_03_26_03		1
26	4	YBR085W_S288C_03_26_04		1
26	5	YNR049C_S288C_03_26_05		1
26	6	YIR044C_S288C_03_26_06		1
26	7	YNL108C_S288C_03_26_07		1
26	8	YBR090C-A_S288C_03_26_08		1
26	9	YBL095W_S288C_03_26_09		1
26	10	YJR003C_S288C_03_26_10		1
26	11	YNL101W_S288C_03_26_11		1
26	12	YBR092C_S288C_03_26_12		1
26	13	YBL096C_S288C_03_26_13		1
26	14	YJR055W_S288C_03_26_14		1
26	15	YNL098C_S288C_03_26_15		1
26	16	YBR093C_S288C_03_26_16		1
26	17	YBL098W_S288C_03_26_17		1
26	18	YKL053C-A_S288C_03_26_18		1
26	19	YNL094W_S288C_03_26_19		1
26	20	YBR094W_S288C_03_26_20		1
26	21	YBL099W_S288C_03_26_21		1
26	22	YKR106W_S288C_03_26_22		1
26	23	YNL092W_S288C_03_26_23		1
26	24	YBR095C_S288C_03_26_24		1
26	25	YBL100C_S288C_03_26_25		1
26	26	YMR191W_S288C_03_26_26		1
26	27	YNL089C_S288C_03_26_27		1
26	28	YBR098W_S288C_03_26_28		1
26	29	YBL101C_S288C_03_26_29		1
26	30	YMR322C_S288C_03_26_30		1
26	31	YNL081C_S288C_03_26_31		1
26	32	YBR099C_S288C_03_26_32		1
26	33	YBL102W_S288C_03_26_33		1
26	34	YNL138W_S288C_03_26_34		1
26	35	YNL077W_S288C_03_26_35		1
26	36	YBR100W_S288C_03_26_36		1
26	37	YBL103C_S288C_03_26_37		1
26	38	YNL140C_S288C_03_26_38		1
26	39	YNL069C_S288C_03_26_39		1
26	40	YBR103W_S288C_03_26_40		1
26	41	YBL104C_S288C_03_26_41		1
26	42	YNL142W_S288C_03_26_42		1
26	43	YNL064C_S288C_03_26_43		1
26	44	YBR104W_S288C_03_26_44		1
26	45	YBL106C_S288C_03_26_45		1
26	46	YNL315C_S288C_03_26_46		1
26	47	YNL063W_S288C_03_26_47		1
26	48	YBR105C_S288C_03_26_48		1
27	1	YJL093C_S288C_03_27_01		1
27	2	YJL016W_S288C_03_27_02		1
27	3	YJR135C_S288C_03_27_03		1
27	4	YDL172C_S288C_03_27_04		1
27	5	YJL092W_S288C_03_27_05		1
27	6	YJL017W_S288C_03_27_06		1
27	7	YJR137C_S288C_03_27_07		1
27	8	YDL173W_S288C_03_27_08		1
27	9	YJL089W_S288C_03_27_09		1
27	10	YJL020C_S288C_03_27_10		1
27	11	YJR146W_S288C_03_27_11		1
27	12	YDL174C_S288C_03_27_12		1
27	13	YJL088W_S288C_03_27_13		1
27	14	YJL021C_S288C_03_27_14		1
27	15	YJR147W_S288C_03_27_15		1
27	16	YDL175C_S288C_03_27_16		1
27	17	YJL084C_S288C_03_27_17		1
27	18	YJL022W_S288C_03_27_18		1
27	19	YJR149W_S288C_03_27_19		1
27	20	YDL176W_S288C_03_27_20		1
27	21	YJL083W_S288C_03_27_21		1
27	22	YJL023C_S288C_03_27_22		1
27	23	YJR152W_S288C_03_27_23		1
27	24	YDL177C_S288C_03_27_24		1
27	25	YJL082W_S288C_03_27_25		1
27	26	YJL024C_S288C_03_27_26		1
27	27	YJR154W_S288C_03_27_27		1
27	28	YDL178W_S288C_03_27_28		1
27	29	YJL080C_S288C_03_27_29		1
27	30	YJL029C_S288C_03_27_30		1
27	31	YKR087C_S288C_03_27_31		1
27	32	YDL179W_S288C_03_27_32		1
27	33	YJL079C_S288C_03_27_33		1
27	34	YJR001W_S288C_03_27_34		1
27	35	YKR088C_S288C_03_27_35		1
27	36	YDL180W_S288C_03_27_36		1
27	37	YJL077C_S288C_03_27_37		1
27	38	YJR005W_S288C_03_27_38		1
27	39	YKR089C_S288C_03_27_39		1
27	40	YDL181W_S288C_03_27_40		1
27	41	YJL073W_S288C_03_27_41		1
27	42	YJR008W_S288C_03_27_42		1
27	43	YKR090W_S288C_03_27_43		1
27	44	YDL182W_S288C_03_27_44		1
27	45	YJL071W_S288C_03_27_45		1
27	46	YJR009C_S288C_03_27_46		1
27	47	YKR091W_S288C_03_27_47		1
27	48	YDL183C_S288C_03_27_48		1
28	1	YNL078W_S288C_03_28_01		1
28	2	YDL056W_S288C_03_28_02		1
28	3	YKR041W_S288C_03_28_03		1
28	4	YDR525W_S288C_03_28_04		1
28	5	YNL079C_S288C_03_28_05		1
28	6	YDL057W_S288C_03_28_06		1
28	7	YKR046C_S288C_03_28_07		1
28	8	YDR528W_S288C_03_28_08		1
28	9	YNL080C_S288C_03_28_09		1
28	10	YDL059C_S288C_03_28_10		1
28	11	YKR053C_S288C_03_28_11		1
28	12	YDR529C_S288C_03_28_12		1
28	13	YNL082W_S288C_03_28_13		1
28	14	YDL061C_S288C_03_28_14		1
28	15	YML035C_S288C_03_28_15		1
28	16	YDR530C_S288C_03_28_16		1
28	17	YNL083W_S288C_03_28_17		1
28	18	YDL062W_S288C_03_28_18		1
28	19	YAR002C-A_S288C_03_28_19		1
28	20	YDR532C_S288C_03_28_20		1
28	21	YNL085W_S288C_03_28_21		1
28	22	YDL063C_S288C_03_28_22		1
28	23	YBR083W_S288C_03_28_23		1
28	24	YDR533C_S288C_03_28_24		1
28	25	YNL087W_S288C_03_28_25		1
28	26	YDL065C_S288C_03_28_26		1
28	27	YBR084C-A_S288C_03_28_27		1
28	28	YDR534C_S288C_03_28_28		1
28	29	YNL090W_S288C_03_28_29		1
28	30	YDL066W_S288C_03_28_30		1
28	31	YBR090C_S288C_03_28_31		1
28	32	YGL101W_S288C_03_28_32		1
28	33	YNL091W_S288C_03_28_33		1
28	34	YDL068W_S288C_03_28_34		1
28	35	YBR100W_S288C_03_28_35		1
28	36	YGL104C_S288C_03_28_36		1
28	37	YNL093W_S288C_03_28_37		1
28	38	YDL069C_S288C_03_28_38		1
28	39	YMR119W_S288C_03_28_39		1
28	40	YGL105W_S288C_03_28_40		1
28	41	YNL095C_S288C_03_28_41		1
28	42	YDL070W_S288C_03_28_42		1
28	43	YBR125C_S288C_03_28_43		1
28	44	YGL107C_S288C_03_28_44		1
28	45	YNL097C_S288C_03_28_45		1
28	46	YDL071C_S288C_03_28_46		1
28	47	YBR131W_S288C_03_28_47		1
28	48	YGL108C_S288C_03_28_48		1
29	1	YMR158W_S288C_03_29_01		1
29	2	YJR080C_S288C_03_29_02		1
29	3	YPR006C_S288C_03_29_03		1
29	4	YDR010C_S288C_03_29_04		1
29	5	WT_S288C_03_29_05		1
29	6	WT_S288C_03_29_06		1
29	7	WT_S288C_03_29_07		1
29	8	WT_S288C_03_29_08		1
29	9	YMR171C_S288C_03_29_09		1
29	10	YJR084W_S288C_03_29_10		1
29	11	YPR009W_S288C_03_29_11		1
29	12	YDR011W_S288C_03_29_12		1
29	13	YMR181C_S288C_03_29_13		1
29	14	YJR087W_S288C_03_29_14		1
29	15	YPR012W_S288C_03_29_15		1
29	16	YDR014W_S288C_03_29_16		1
29	17	YMR209C_S288C_03_29_17		1
29	18	YJR091C_S288C_03_29_18		1
29	19	YPR014C_S288C_03_29_19		1
29	20	YDR015C_S288C_03_29_20		1
29	21	YMR271C_S288C_03_29_21		1
29	22	YJR094C_S288C_03_29_22		1
29	23	YPR015C_S288C_03_29_23		1
29	24	YDR017C_S288C_03_29_24		1
29	25	YMR279C_S288C_03_29_25		1
29	26	YJR094W-A_S288C_03_29_26		1
29	27	YPR017C_S288C_03_29_27		1
29	28	YDR018C_S288C_03_29_28		1
29	29	YMR306W_S288C_03_29_29		1
29	30	YJR095W_S288C_03_29_30		1
29	31	YPR018W_S288C_03_29_31		1
29	32	YDR019C_S288C_03_29_32		1
29	33	YMR311C_S288C_03_29_33		1
29	34	YJR096W_S288C_03_29_34		1
29	35	YPR020W_S288C_03_29_35		1
29	36	YDR020C_S288C_03_29_36		1
29	37	YMR312W_S288C_03_29_37		1
29	38	YJR097W_S288C_03_29_38		1
29	39	YPR027C_S288C_03_29_39		1
29	40	YDR022C_S288C_03_29_40		1
29	41	YMR313C_S288C_03_29_41		1
29	42	YJR098C_S288C_03_29_42		1
29	43	YPR028W_S288C_03_29_43		1
29	44	YDR024W_S288C_03_29_44		1
29	45	YMR315W_S288C_03_29_45		1
29	46	YJR099W_S288C_03_29_46		1
29	47	YPR029C_S288C_03_29_47		1
29	48	YDR025W_S288C_03_29_48		1
30	1	YBL107C_S288C_03_30_01		1
30	2	YOL151W_S288C_03_30_02		1
30	3	YNL057W_S288C_03_30_03		1
30	4	YBR106W_S288C_03_30_04		1
30	5	WT_S288C_03_30_05		1
30	6	WT_S288C_03_30_06		1
30	7	WT_S288C_03_30_07		1
30	8	WT_S288C_03_30_08		1
30	9	YBR001C_S288C_03_30_09		1
30	10	YOL152W_S288C_03_30_10		1
30	11	YNL058C_S288C_03_30_11		1
30	12	YBR107C_S288C_03_30_12		1
30	13	YBR003W_S288C_03_30_13		1
30	14	YOL155C_S288C_03_30_14		1
30	15	YNL054W_S288C_03_30_15		1
30	16	YBR108W_S288C_03_30_16		1
30	17	YBR005W_S288C_03_30_17		1
30	18	YOR265W_S288C_03_30_18		1
30	19	YIL099W_S288C_03_30_19		1
30	20	YBR111C_S288C_03_30_20		1
30	21	YBR006W_S288C_03_30_21		1
30	22	YOR266W_S288C_03_30_22		1
30	23	YIL100W_S288C_03_30_23		1
30	24	YBR113W_S288C_03_30_24		1
30	25	YBR007C_S288C_03_30_25		1
30	26	YOR267C_S288C_03_30_26		1
30	27	YIL101C_S288C_03_30_27		1
30	28	YBR114W_S288C_03_30_28		1
30	29	YBR008C_S288C_03_30_29		1
30	30	YOR268C_S288C_03_30_30		1
30	31	YIL103W_S288C_03_30_31		1
30	32	YBR115C_S288C_03_30_32		1
30	33	YBR009C_S288C_03_30_33		1
30	34	YOR269W_S288C_03_30_34		1
30	35	YIL105C_S288C_03_30_35		1
30	36	YBR116C_S288C_03_30_36		1
30	37	YBR010W_S288C_03_30_37		1
30	38	YOR270C_S288C_03_30_38		1
30	39	YIL107C_S288C_03_30_39		1
30	40	YBR119W_S288C_03_30_40		1
30	41	YBR012C_S288C_03_30_41		1
30	42	YOR271C_S288C_03_30_42		1
30	43	YIL108W_S288C_03_30_43		1
30	44	YBR120C_S288C_03_30_44		1
30	45	YBR013C_S288C_03_30_45		1
30	46	YOR273C_S288C_03_30_46		1
30	47	YIL110W_S288C_03_30_47		1
30	48	YBR121C_S288C_03_30_48		1
31	1	YJL068C_S288C_03_31_01		1
31	2	YJR010C-A_S288C_03_31_02		1
31	3	YKR092C_S288C_03_31_03		1
31	4	YDL184C_S288C_03_31_04		1
31	5	WT_S288C_03_31_05		1
31	6	WT_S288C_03_31_06		1
31	7	WT_S288C_03_31_07		1
31	8	WT_S288C_03_31_08		1
31	9	YJL067W_S288C_03_31_09		1
31	10	YJR010W_S288C_03_31_10		1
31	11	YKR093W_S288C_03_31_11		1
31	12	YDL186W_S288C_03_31_12		1
31	13	YJL066C_S288C_03_31_13		1
31	14	YJR011C_S288C_03_31_14		1
31	15	YKR097W_S288C_03_31_15		1
31	16	YDL187C_S288C_03_31_16		1
31	17	YJL064W_S288C_03_31_17		1
31	18	YJR014W_S288C_03_31_18		1
31	19	YKR098C_S288C_03_31_19		1
31	20	YDL188C_S288C_03_31_20		1
31	21	YJL065C_S288C_03_31_21		1
31	22	YJR015W_S288C_03_31_22		1
31	23	YKR099W_S288C_03_31_23		1
31	24	YDL189W_S288C_03_31_24		1
31	25	YJL063C_S288C_03_31_25		1
31	26	YJR018W_S288C_03_31_26		1
31	27	YKR100C_S288C_03_31_27		1
31	28	YDL190C_S288C_03_31_28		1
31	29	YJL062W_S288C_03_31_29		1
31	30	YJR019C_S288C_03_31_30		1
31	31	YKR101W_S288C_03_31_31		1
31	32	YOR300W_S288C_03_31_32		1
31	33	YJL060W_S288C_03_31_33		1
31	34	YJR020W_S288C_03_31_34		1
31	35	YKR103W_S288C_03_31_35		1
31	36	YOR306C_S288C_03_31_36		1
31	37	YJL059W_S288C_03_31_37		1
31	38	YJR021C_S288C_03_31_38		1
31	39	YKR104W_S288C_03_31_39		1
31	40	YOR309C_S288C_03_31_40		1
31	41	YJL058C_S288C_03_31_41		1
31	42	YJR024C_S288C_03_31_42		1
31	43	YKR105C_S288C_03_31_43		1
31	44	YOR325W_S288C_03_31_44		1
31	45	YJL057C_S288C_03_31_45		1
31	46	YJR025C_S288C_03_31_46		1
31	47	YLL018C-A_S288C_03_31_47		1
31	48	YOR333C_S288C_03_31_48		1
32	1	YNL099C_S288C_03_32_01		1
32	2	YDL073W_S288C_03_32_02		1
32	3	YBR150C_S288C_03_32_03		1
32	4	YGL109W_S288C_03_32_04		1
32	5	WT_S288C_03_32_05		1
32	6	WT_S288C_03_32_06		1
32	7	WT_S288C_03_32_07		1
32	8	WT_S288C_03_32_08		1
32	9	YNL100W_S288C_03_32_09		1
32	10	YDL076C_S288C_03_32_10		1
32	11	YBR168W_S288C_03_32_11		1
32	12	YGL110C_S288C_03_32_12		1
32	13	YNL104C_S288C_03_32_13		1
32	14	YDL077C_S288C_03_32_14		1
32	15	YBR169C_S288C_03_32_15		1
32	16	YGL114W_S288C_03_32_16		1
32	17	YNL105W_S288C_03_32_17		1
32	18	YDL078C_S288C_03_32_18		1
32	19	YBR270C_S288C_03_32_19		1
32	20	YGL115W_S288C_03_32_20		1
32	21	YNL106C_S288C_03_32_21		1
32	22	YDL079C_S288C_03_32_22		1
32	23	YBR272C_S288C_03_32_23		1
32	24	YGL117W_S288C_03_32_24		1
32	25	YNL107W_S288C_03_32_25		1
32	26	YDL080C_S288C_03_32_26		1
32	27	YBR275C_S288C_03_32_27		1
32	28	YGL118C_S288C_03_32_28		1
32	29	YNL115C_S288C_03_32_29		1
32	30	YDL081C_S288C_03_32_30		1
32	31	YBR276C_S288C_03_32_31		1
32	32	YGL121C_S288C_03_32_32		1
32	33	YNL119W_S288C_03_32_33		1
32	34	YDL082W_S288C_03_32_34		1
32	35	YBR280C_S288C_03_32_35		1
32	36	YGL124C_S288C_03_32_36		1
32	37	YNL120C_S288C_03_32_37		1
32	38	YDL083C_S288C_03_32_38		1
32	39	YBR287W_S288C_03_32_39		1
32	40	YGL125W_S288C_03_32_40		1
32	41	YNL121C_S288C_03_32_41		1
32	42	YDL085W_S288C_03_32_42		1
32	43	YBR288C_S288C_03_32_43		1
32	44	YGL126W_S288C_03_32_44		1
32	45	YNL125C_S288C_03_32_45		1
32	46	YDL086W_S288C_03_32_46		1
32	47	YBR289W_S288C_03_32_47		1
32	48	YGL127C_S288C_03_32_48		1
