Row	Column	Strain	Info	Normalization_group
1	1	YOR202W_Y55_09_01_01		1
1	2	YOR202W_Y55_09_01_02		1
1	3	YOR202W_Y55_09_01_03		1
1	4	YOR202W_Y55_09_01_04		1
1	5	YOR202W_Y55_09_01_05		1
1	6	YOR202W_Y55_09_01_06		1
1	7	YOR202W_Y55_09_01_07		1
1	8	YOR202W_Y55_09_01_08		1
1	9	YOR202W_Y55_09_01_09		1
1	10	YOR202W_Y55_09_01_10		1
1	11	YOR202W_Y55_09_01_11		1
1	12	YOR202W_Y55_09_01_12		1
1	13	YOR202W_Y55_09_01_13		1
1	14	YOR202W_Y55_09_01_14		1
1	15	YOR202W_Y55_09_01_15		1
1	16	YOR202W_Y55_09_01_16		1
1	17	YOR202W_Y55_09_01_17		1
1	18	YOR202W_Y55_09_01_18		1
1	19	YOR202W_Y55_09_01_19		1
1	20	YOR202W_Y55_09_01_20		1
1	21	YOR202W_Y55_09_01_21		1
1	22	YOR202W_Y55_09_01_22		1
1	23	YOR202W_Y55_09_01_23		1
1	24	YOR202W_Y55_09_01_24		1
1	25	YOR202W_Y55_09_01_25		1
1	26	YOR202W_Y55_09_01_26		1
1	27	YOR202W_Y55_09_01_27		1
1	28	YOR202W_Y55_09_01_28		1
1	29	YOR202W_Y55_09_01_29		1
1	30	YOR202W_Y55_09_01_30		1
1	31	YOR202W_Y55_09_01_31		1
1	32	YOR202W_Y55_09_01_32		1
1	33	YOR202W_Y55_09_01_33		1
1	34	YOR202W_Y55_09_01_34		1
1	35	YOR202W_Y55_09_01_35		1
1	36	YOR202W_Y55_09_01_36		1
1	37	YOR202W_Y55_09_01_37		1
1	38	YOR202W_Y55_09_01_38		1
1	39	YOR202W_Y55_09_01_39		1
1	40	YOR202W_Y55_09_01_40		1
1	41	YOR202W_Y55_09_01_41		1
1	42	YOR202W_Y55_09_01_42		1
1	43	YOR202W_Y55_09_01_43		1
1	44	YOR202W_Y55_09_01_44		1
1	45	YOR202W_Y55_09_01_45		1
1	46	YOR202W_Y55_09_01_46		1
1	47	YOR202W_Y55_09_01_47		1
1	48	YOR202W_Y55_09_01_48		1
2	1	YOR202W_Y55_09_02_01		1
2	2	YOR202W_Y55_09_02_02		1
2	3	YOR202W_Y55_09_02_03		1
2	4	YOR202W_Y55_09_02_04		1
2	5	YOR202W_Y55_09_02_05		1
2	6	YOR202W_Y55_09_02_06		1
2	7	YOR202W_Y55_09_02_07		1
2	8	YOR202W_Y55_09_02_08		1
2	9	YOR202W_Y55_09_02_09		1
2	10	YOR202W_Y55_09_02_10		1
2	11	YOR202W_Y55_09_02_11		1
2	12	YOR202W_Y55_09_02_12		1
2	13	YOR202W_Y55_09_02_13		1
2	14	YOR202W_Y55_09_02_14		1
2	15	YOR202W_Y55_09_02_15		1
2	16	YOR202W_Y55_09_02_16		1
2	17	YOR202W_Y55_09_02_17		1
2	18	YOR202W_Y55_09_02_18		1
2	19	YOR202W_Y55_09_02_19		1
2	20	YOR202W_Y55_09_02_20		1
2	21	YOR202W_Y55_09_02_21		1
2	22	YOR202W_Y55_09_02_22		1
2	23	YOR202W_Y55_09_02_23		1
2	24	YOR202W_Y55_09_02_24		1
2	25	YOR202W_Y55_09_02_25		1
2	26	YOR202W_Y55_09_02_26		1
2	27	YOR202W_Y55_09_02_27		1
2	28	YOR202W_Y55_09_02_28		1
2	29	YOR202W_Y55_09_02_29		1
2	30	YOR202W_Y55_09_02_30		1
2	31	YOR202W_Y55_09_02_31		1
2	32	YOR202W_Y55_09_02_32		1
2	33	YOR202W_Y55_09_02_33		1
2	34	YOR202W_Y55_09_02_34		1
2	35	YOR202W_Y55_09_02_35		1
2	36	YOR202W_Y55_09_02_36		1
2	37	YOR202W_Y55_09_02_37		1
2	38	YOR202W_Y55_09_02_38		1
2	39	YOR202W_Y55_09_02_39		1
2	40	YOR202W_Y55_09_02_40		1
2	41	YOR202W_Y55_09_02_41		1
2	42	YOR202W_Y55_09_02_42		1
2	43	YOR202W_Y55_09_02_43		1
2	44	YOR202W_Y55_09_02_44		1
2	45	YOR202W_Y55_09_02_45		1
2	46	YOR202W_Y55_09_02_46		1
2	47	YOR202W_Y55_09_02_47		1
2	48	YOR202W_Y55_09_02_48		1
3	1	YOR202W_Y55_09_03_01		1
3	2	YOR202W_Y55_09_03_02		1
3	3	YPL060W_Y55_09_03_03		1
3	4	YGL049C_Y55_09_03_04		1
3	5	YPL170W_Y55_09_03_05		1
3	6	YFL013C_Y55_09_03_06		1
3	7	YPL058C_Y55_09_03_07		1
3	8	YGL042C_Y55_09_03_08		1
3	9	YPL168W_Y55_09_03_09		1
3	10	YFL012W_Y55_09_03_10		1
3	11	YPL057C_Y55_09_03_11		1
3	12	YBR078W_Y55_09_03_12		1
3	13	YPL167C_Y55_09_03_13		1
3	14	YFL010W-A_Y55_09_03_14		1
3	15	YPL056C_Y55_09_03_15		1
3	16	YJL177W_Y55_09_03_16		1
3	17	YPL166W_Y55_09_03_17		1
3	18	YFL010C_Y55_09_03_18		1
3	19	YPL055C_Y55_09_03_19		1
3	20	YGR122W_Y55_09_03_20		1
3	21	YPL165C_Y55_09_03_21		1
3	22	YFL007W_Y55_09_03_22		1
3	23	YPL054W_Y55_09_03_23		1
3	24	YGR068C_Y55_09_03_24		1
3	25	YPL164C_Y55_09_03_25		1
3	26	YFL004W_Y55_09_03_26		1
3	27	YPL053C_Y55_09_03_27		1
3	28	YGR067C_Y55_09_03_28		1
3	29	YPL163C_Y55_09_03_29		1
3	30	YFL003C_Y55_09_03_30		1
3	31	YPL052W_Y55_09_03_31		1
3	32	YGR061C_Y55_09_03_32		1
3	33	YPL162C_Y55_09_03_33		1
3	34	YFL001W_Y55_09_03_34		1
3	35	YPL051W_Y55_09_03_35		1
3	36	YGR055W_Y55_09_03_36		1
3	37	YPL161C_Y55_09_03_37		1
3	38	YGR255C_Y55_09_03_38		1
3	39	YPL048W_Y55_09_03_39		1
3	40	YGL071W_Y55_09_03_40		1
3	41	YPL159C_Y55_09_03_41		1
3	42	YGR254W_Y55_09_03_42		1
3	43	YPL047W_Y55_09_03_43		1
3	44	YGL063W_Y55_09_03_44		1
3	45	YPL157W_Y55_09_03_45		1
3	46	YGR122C-A_Y55_09_03_46		1
3	47	YOR202W_Y55_09_03_47		1
3	48	YOR202W_Y55_09_03_48		1
4	1	YOR202W_Y55_09_04_01		1
4	2	YOR202W_Y55_09_04_02		1
4	3	YBR030W_Y55_09_04_03		1
4	4	YCR076C_Y55_09_04_04		1
4	5	YBR138C_Y55_09_04_05		1
4	6	YDL090C_Y55_09_04_06		1
4	7	YBR028C_Y55_09_04_07		1
4	8	YCR075C_Y55_09_04_08		1
4	9	YBR137W_Y55_09_04_09		1
4	10	YDL089W_Y55_09_04_10		1
4	11	YBR027C_Y55_09_04_11		1
4	12	YCR073W-A_Y55_09_04_12		1
4	13	YBR134W_Y55_09_04_13		1
4	14	YDL088C_Y55_09_04_14		1
4	15	YBR026C_Y55_09_04_15		1
4	16	YCR073C_Y55_09_04_16		1
4	17	YBR132C_Y55_09_04_17		1
4	18	YDL086W_Y55_09_04_18		1
4	19	YBR025C_Y55_09_04_19		1
4	20	YCR071C_Y55_09_04_20		1
4	21	YBR131W_Y55_09_04_21		1
4	22	YDL085W_Y55_09_04_22		1
4	23	YBR024W_Y55_09_04_23		1
4	24	YCR069W_Y55_09_04_24		1
4	25	YBR130C_Y55_09_04_25		1
4	26	YDL083C_Y55_09_04_26		1
4	27	YBR023C_Y55_09_04_27		1
4	28	YCR068W_Y55_09_04_28		1
4	29	YBR129C_Y55_09_04_29		1
4	30	YDL082W_Y55_09_04_30		1
4	31	YBR022W_Y55_09_04_31		1
4	32	YCR067C_Y55_09_04_32		1
4	33	YBR128C_Y55_09_04_33		1
4	34	YDL081C_Y55_09_04_34		1
4	35	YBR020W_Y55_09_04_35		1
4	36	YCR065W_Y55_09_04_36		1
4	37	YBR126C_Y55_09_04_37		1
4	38	YDL080C_Y55_09_04_38		1
4	39	YBR019C_Y55_09_04_39		1
4	40	YCR063W_Y55_09_04_40		1
4	41	YBR125C_Y55_09_04_41		1
4	42	YDL079C_Y55_09_04_42		1
4	43	YBR018C_Y55_09_04_43		1
4	44	YCR062W_Y55_09_04_44		1
4	45	YBR122C_Y55_09_04_45		1
4	46	YDL078C_Y55_09_04_46		1
4	47	YOR202W_Y55_09_04_47		1
4	48	YOR202W_Y55_09_04_48		1
5	1	YOR202W_Y55_09_05_01		1
5	2	YOR202W_Y55_09_05_02		1
5	3	YOR221C_Y55_09_05_03		1
5	4	YPL274W_Y55_09_05_04		1
5	5	YOR327C_Y55_09_05_05		1
5	6	YPR120C_Y55_09_05_06		1
5	7	YOR219C_Y55_09_05_07		1
5	8	YPL273W_Y55_09_05_08		1
5	9	YOR324C_Y55_09_05_09		1
5	10	YPR119W_Y55_09_05_10		1
5	11	YOR216C_Y55_09_05_11		1
5	12	YPL272C_Y55_09_05_12		1
5	13	YOR322C_Y55_09_05_13		1
5	14	YPR117W_Y55_09_05_14		1
5	15	YOR215C_Y55_09_05_15		1
5	16	YPL270W_Y55_09_05_16		1
5	17	YOR321W_Y55_09_05_17		1
5	18	YPR115W_Y55_09_05_18		1
5	19	YOR214C_Y55_09_05_19		1
5	20	YPL269W_Y55_09_05_20		1
5	21	YOR320C_Y55_09_05_21		1
5	22	YPR114W_Y55_09_05_22		1
5	23	YOR213C_Y55_09_05_23		1
5	24	YPL267W_Y55_09_05_24		1
5	25	YOR318C_Y55_09_05_25		1
5	26	YPR111W_Y55_09_05_26		1
5	27	YOR212W_Y55_09_05_27		1
5	28	YPL265W_Y55_09_05_28		1
5	29	YOR317W_Y55_09_05_29		1
5	30	YPR109W_Y55_09_05_30		1
5	31	YOR209C_Y55_09_05_31		1
5	32	YPL264C_Y55_09_05_32		1
5	33	YOR316C_Y55_09_05_33		1
5	34	YPR106W_Y55_09_05_34		1
5	35	YOR208W_Y55_09_05_35		1
5	36	YPL263C_Y55_09_05_36		1
5	37	YOR315W_Y55_09_05_37		1
5	38	YPR098C_Y55_09_05_38		1
5	39	YOR202W_Y55_09_05_39		1
5	40	YPL262W_Y55_09_05_40		1
5	41	YOR314W_Y55_09_05_41		1
5	42	YPR097W_Y55_09_05_42		1
5	43	YOR197W_Y55_09_05_43		1
5	44	YPL261C_Y55_09_05_44		1
5	45	YOR313C_Y55_09_05_45		1
5	46	YPR096C_Y55_09_05_46		1
5	47	YOR202W_Y55_09_05_47		1
5	48	YOR202W_Y55_09_05_48		1
6	1	YOR202W_Y55_09_06_01		1
6	2	YOR202W_Y55_09_06_02		1
6	3	YAL017W_Y55_09_06_03		1
6	4	YBR235W_Y55_09_06_04		1
6	5	YBL032W_Y55_09_06_05		1
6	6	YCL036W_Y55_09_06_06		1
6	7	YAL015C_Y55_09_06_07		1
6	8	YBR233W_Y55_09_06_08		1
6	9	YBL031W_Y55_09_06_09		1
6	10	YCL035C_Y55_09_06_10		1
6	11	YAL014C_Y55_09_06_11		1
6	12	YBR232C_Y55_09_06_12		1
6	13	YBL029W_Y55_09_06_13		1
6	14	YCL034W_Y55_09_06_14		1
6	15	YAL013W_Y55_09_06_15		1
6	16	YBR231C_Y55_09_06_16		1
6	17	YBL028C_Y55_09_06_17		1
6	18	YCL033C_Y55_09_06_18		1
6	19	YAL011W_Y55_09_06_19		1
6	20	YBR230C_Y55_09_06_20		1
6	21	YBL027W_Y55_09_06_21		1
6	22	YCL032W_Y55_09_06_22		1
6	23	YAL010C_Y55_09_06_23		1
6	24	YBR229C_Y55_09_06_24		1
6	25	YBL025W_Y55_09_06_25		1
6	26	YCL030C_Y55_09_06_26		1
6	27	YAL008W_Y55_09_06_27		1
6	28	YBR228W_Y55_09_06_28		1
6	29	YBL024W_Y55_09_06_29		1
6	30	YCL029C_Y55_09_06_30		1
6	31	YAL007C_Y55_09_06_31		1
6	32	YBR227C_Y55_09_06_32		1
6	33	YBL021C_Y55_09_06_33		1
6	34	YCL028W_Y55_09_06_34		1
6	35	YAL005C_Y55_09_06_35		1
6	36	YBR226C_Y55_09_06_36		1
6	37	YBL019W_Y55_09_06_37		1
6	38	YCL027W_Y55_09_06_38		1
6	39	YAL004W_Y55_09_06_39		1
6	40	YBR225W_Y55_09_06_40		1
6	41	YBL017C_Y55_09_06_41		1
6	42	YCL026C-A_Y55_09_06_42		1
6	43	YAL002W_Y55_09_06_43		1
6	44	YBR224W_Y55_09_06_44		1
6	45	YBL016W_Y55_09_06_45		1
6	46	YCL026C_Y55_09_06_46		1
6	47	YOR202W_Y55_09_06_47		1
6	48	YOR202W_Y55_09_06_48		1
7	1	YOR202W_Y55_09_07_01		1
7	2	YOR202W_Y55_09_07_02		1
7	3	YPL074W_Y55_09_07_03		1
7	4	YOR155C_Y55_09_07_04		1
7	5	YPL183C_Y55_09_07_05		1
7	6	YGL096W_Y55_09_07_06		1
7	7	YPL073C_Y55_09_07_07		1
7	8	YOR054C_Y55_09_07_08		1
7	9	YPL182C_Y55_09_07_09		1
7	10	YGL094C_Y55_09_07_10		1
7	11	YPL071C_Y55_09_07_11		1
7	12	YNL180C_Y55_09_07_12		1
7	13	YPL181W_Y55_09_07_13		1
7	14	YGL037C_Y55_09_07_14		1
7	15	YPL070W_Y55_09_07_15		1
7	16	YNL042W_Y55_09_07_16		1
7	17	YPL180W_Y55_09_07_17		1
7	18	YGL029W_Y55_09_07_18		1
7	19	YPL069C_Y55_09_07_19		1
7	20	YKL087C_Y55_09_07_20		1
7	21	YPL179W_Y55_09_07_21		1
7	22	YGR292W_Y55_09_07_22		1
7	23	YPL068C_Y55_09_07_23		1
7	24	YIL125W_Y55_09_07_24		1
7	25	YPL178W_Y55_09_07_25		1
7	26	YGR291C_Y55_09_07_26		1
7	27	YPL067C_Y55_09_07_27		1
7	28	YAL048C_Y55_09_07_28		1
7	29	YPL177C_Y55_09_07_29		1
7	30	YGR289C_Y55_09_07_30		1
7	31	YPL066W_Y55_09_07_31		1
7	32	YOR248W_Y55_09_07_32		1
7	33	YPL176C_Y55_09_07_33		1
7	34	YGR276C_Y55_09_07_34		1
7	35	YPL064C_Y55_09_07_35		1
7	36	YOR220W_Y55_09_07_36		1
7	37	YPL174C_Y55_09_07_37		1
7	38	YGR273C_Y55_09_07_38		1
7	39	YPL062W_Y55_09_07_39		1
7	40	YOR180C_Y55_09_07_40		1
7	41	YPL172C_Y55_09_07_41		1
7	42	YGR272C_Y55_09_07_42		1
7	43	YPL061W_Y55_09_07_43		1
7	44	YOR179C_Y55_09_07_44		1
7	45	YPL171C_Y55_09_07_45		1
7	46	YGR271W_Y55_09_07_46		1
7	47	YOR202W_Y55_09_07_47		1
7	48	YOR202W_Y55_09_07_48		1
8	1	YOR202W_Y55_09_08_01		1
8	2	YOR202W_Y55_09_08_02		1
8	3	YBR045C_Y55_09_08_03		1
8	4	YCR089W_Y55_09_08_04		1
8	5	YBR156C_Y55_09_08_05		1
8	6	YDL110C_Y55_09_08_06		1
8	7	YBR044C_Y55_09_08_07		1
8	8	YCR088W_Y55_09_08_08		1
8	9	YBR151W_Y55_09_08_09		1
8	10	YDL109C_Y55_09_08_10		1
8	11	YBR043C_Y55_09_08_11		1
8	12	YCR087W_Y55_09_08_12		1
8	13	YBR150C_Y55_09_08_13		1
8	14	YDL106C_Y55_09_08_14		1
8	15	YBR042C_Y55_09_08_15		1
8	16	YCR087C-A_Y55_09_08_16		1
8	17	YBR149W_Y55_09_08_17		1
8	18	YDL104C_Y55_09_08_18		1
8	19	YBR041W_Y55_09_08_19		1
8	20	YCR086W_Y55_09_08_20		1
8	21	YBR148W_Y55_09_08_21		1
8	22	YDL100C_Y55_09_08_22		1
8	23	YBR040W_Y55_09_08_23		1
8	24	YCR085W_Y55_09_08_24		1
8	25	YBR147W_Y55_09_08_25		1
8	26	YDL099W_Y55_09_08_26		1
8	27	YBR036C_Y55_09_08_27		1
8	28	YCR083W_Y55_09_08_28		1
8	29	YBR146W_Y55_09_08_29		1
8	30	YDL096C_Y55_09_08_30		1
8	31	YBR034C_Y55_09_08_31		1
8	32	YCR082W_Y55_09_08_32		1
8	33	YBR145W_Y55_09_08_33		1
8	34	YDL095W_Y55_09_08_34		1
8	35	YBR033W_Y55_09_08_35		1
8	36	YCR081W_Y55_09_08_36		1
8	37	YBR144C_Y55_09_08_37		1
8	38	YDL094C_Y55_09_08_38		1
8	39	YBR032W_Y55_09_08_39		1
8	40	YCR079W_Y55_09_08_40		1
8	41	YBR141C_Y55_09_08_41		1
8	42	YDL093W_Y55_09_08_42		1
8	43	YBR031W_Y55_09_08_43		1
8	44	YCR077C_Y55_09_08_44		1
8	45	YBR139W_Y55_09_08_45		1
8	46	YDL091C_Y55_09_08_46		1
8	47	YOR202W_Y55_09_08_47		1
8	48	YOR202W_Y55_09_08_48		1
9	1	YOR202W_Y55_09_09_01		1
9	2	YOR202W_Y55_09_09_02		1
9	3	YOR234C_Y55_09_09_03		1
9	4	YPR013C_Y55_09_09_04		1
9	5	YOR348C_Y55_09_09_05		1
9	6	YPR134W_Y55_09_09_06		1
9	7	YOR233W_Y55_09_09_07		1
9	8	YPR012W_Y55_09_09_08		1
9	9	YOR347C_Y55_09_09_09		1
9	10	YPR132W_Y55_09_09_10		1
9	11	YOR231W_Y55_09_09_11		1
9	12	YPR009W_Y55_09_09_12		1
9	13	YOR346W_Y55_09_09_13		1
9	14	YPR130C_Y55_09_09_14		1
9	15	YOR230W_Y55_09_09_15		1
9	16	YPR008W_Y55_09_09_16		1
9	17	YOR344C_Y55_09_09_17		1
9	18	YPR129W_Y55_09_09_18		1
9	19	YOR229W_Y55_09_09_19		1
9	20	YPR007C_Y55_09_09_20		1
9	21	YOR343C_Y55_09_09_21		1
9	22	YPR128C_Y55_09_09_22		1
9	23	YOR228C_Y55_09_09_23		1
9	24	YPR006C_Y55_09_09_24		1
9	25	YOR342C_Y55_09_09_25		1
9	26	YPR127W_Y55_09_09_26		1
9	27	YOR227W_Y55_09_09_27		1
9	28	YPR005C_Y55_09_09_28		1
9	29	YOR339C_Y55_09_09_29		1
9	30	YPR126C_Y55_09_09_30		1
9	31	YOR226C_Y55_09_09_31		1
9	32	YPR004C_Y55_09_09_32		1
9	33	YOR338W_Y55_09_09_33		1
9	34	YPR125W_Y55_09_09_34		1
9	35	YOR225W_Y55_09_09_35		1
9	36	YPR003C_Y55_09_09_36		1
9	37	YOR337W_Y55_09_09_37		1
9	38	YPR123C_Y55_09_09_38		1
9	39	YOR223W_Y55_09_09_39		1
9	40	YPR002W_Y55_09_09_40		1
9	41	YOR334W_Y55_09_09_41		1
9	42	YPR122W_Y55_09_09_42		1
9	43	YOR222W_Y55_09_09_43		1
9	44	YPR001W_Y55_09_09_44		1
9	45	YOR328W_Y55_09_09_45		1
9	46	YPR121W_Y55_09_09_46		1
9	47	YOR202W_Y55_09_09_47		1
9	48	YOR202W_Y55_09_09_48		1
10	1	YOR202W_Y55_09_10_01		1
10	2	YOR202W_Y55_09_10_02		1
10	3	YAL031C_Y55_09_10_03		1
10	4	YBR250W_Y55_09_10_04		1
10	5	YBL052C_Y55_09_10_05		1
10	6	YCL049C_Y55_09_10_06		1
10	7	YAL030W_Y55_09_10_07		1
10	8	YBR249C_Y55_09_10_08		1
10	9	YBL051C_Y55_09_10_09		1
10	10	YCL048W_Y55_09_10_10		1
10	11	YAL029C_Y55_09_10_11		1
10	12	YBR248C_Y55_09_10_12		1
10	13	YBL049W_Y55_09_10_13		1
10	14	YCL047C_Y55_09_10_14		1
10	15	YAL028W_Y55_09_10_15		1
10	16	YBR246W_Y55_09_10_16		1
10	17	YBL048W_Y55_09_10_17		1
10	18	YCL046W_Y55_09_10_18		1
10	19	YAL027W_Y55_09_10_19		1
10	20	YBR245C_Y55_09_10_20		1
10	21	YBL047C_Y55_09_10_21		1
10	22	YCL045C_Y55_09_10_22		1
10	23	YAL026C_Y55_09_10_23		1
10	24	YBR244W_Y55_09_10_24		1
10	25	YBL046W_Y55_09_10_25		1
10	26	YCL044C_Y55_09_10_26		1
10	27	YAL023C_Y55_09_10_27		1
10	28	YBR242W_Y55_09_10_28		1
10	29	YBL043W_Y55_09_10_29		1
10	30	YCL042W_Y55_09_10_30		1
10	31	YAL022C_Y55_09_10_31		1
10	32	YBR241C_Y55_09_10_32		1
10	33	YBL042C_Y55_09_10_33		1
10	34	YCL040W_Y55_09_10_34		1
10	35	YAL020C_Y55_09_10_35		1
10	36	YBR240C_Y55_09_10_36		1
10	37	YBL039C_Y55_09_10_37		1
10	38	YCL039W_Y55_09_10_38		1
10	39	YAL019W_Y55_09_10_39		1
10	40	YBR239C_Y55_09_10_40		1
10	41	YBL037W_Y55_09_10_41		1
10	42	YCL038C_Y55_09_10_42		1
10	43	YAL018C_Y55_09_10_43		1
10	44	YBR238C_Y55_09_10_44		1
10	45	YBL036C_Y55_09_10_45		1
10	46	YCL037C_Y55_09_10_46		1
10	47	YOR202W_Y55_09_10_47		1
10	48	YOR202W_Y55_09_10_48		1
11	1	YOR202W_Y55_09_11_01		1
11	2	YOR202W_Y55_09_11_02		1
11	3	YPL095C_Y55_09_11_03		1
11	4	YOR158W_Y55_09_11_04		1
11	5	YPL196W_Y55_09_11_05		1
11	6	YIR004W_Y55_09_11_06		1
11	7	YPL092W_Y55_09_11_07		1
11	8	YDR033W_Y55_09_11_08		1
11	9	YPL195W_Y55_09_11_09		1
11	10	YIL158W_Y55_09_11_10		1
11	11	YPL091W_Y55_09_11_11		1
11	12	YDR032C_Y55_09_11_12		1
11	13	YPL194W_Y55_09_11_13		1
11	14	YIL151C_Y55_09_11_14		1
11	15	YPL090C_Y55_09_11_15		1
11	16	YDR031W_Y55_09_11_16		1
11	17	YPL192C_Y55_09_11_17		1
11	18	YIL136W_Y55_09_11_18		1
11	19	YPL089C_Y55_09_11_19		1
11	20	YDR030C_Y55_09_11_20		1
11	21	YPL191C_Y55_09_11_21		1
11	22	YIL131C_Y55_09_11_22		1
11	23	YPL088W_Y55_09_11_23		1
11	24	YDR029W_Y55_09_11_24		1
11	25	YPL189W_Y55_09_11_25		1
11	26	YIL122W_Y55_09_11_26		1
11	27	YPL087W_Y55_09_11_27		1
11	28	YDR026C_Y55_09_11_28		1
11	29	YPL187W_Y55_09_11_29		1
11	30	YIL111W_Y55_09_11_30		1
11	31	YPL086C_Y55_09_11_31		1
11	32	YAL046C_Y55_09_11_32		1
11	33	YPL186C_Y55_09_11_33		1
11	34	YIL102C_Y55_09_11_34		1
11	35	YPL081W_Y55_09_11_35		1
11	36	YLR227C_Y55_09_11_36		1
11	37	YPL185W_Y55_09_11_37		1
11	38	YIL094C_Y55_09_11_38		1
11	39	YPL080C_Y55_09_11_39		1
11	40	YKR104W_Y55_09_11_40		1
11	41	YPL184C_Y55_09_11_41		1
11	42	YIL085C_Y55_09_11_42		1
11	43	YPL079W_Y55_09_11_43		1
11	44	YDR046C_Y55_09_11_44		1
11	45	YPL183W-A_Y55_09_11_45		1
11	46	YMR074C_Y55_09_11_46		1
11	47	YOR202W_Y55_09_11_47		1
11	48	YOR202W_Y55_09_11_48		1
12	1	YOR202W_Y55_09_12_01		1
12	2	YOR202W_Y55_09_12_02		1
12	3	YBR058C_Y55_09_12_03		1
12	4	YCR105W_Y55_09_12_04		1
12	5	YBR169C_Y55_09_12_05		1
12	6	YDL125C_Y55_09_12_06		1
12	7	YBR057C_Y55_09_12_07		1
12	8	YCR102W-A_Y55_09_12_08		1
12	9	YBR168W_Y55_09_12_09		1
12	10	YDL124W_Y55_09_12_10		1
12	11	YBR056W_Y55_09_12_11		1
12	12	YCR102C_Y55_09_12_12		1
12	13	YBR166C_Y55_09_12_13		1
12	14	YDL123W_Y55_09_12_14		1
12	15	YBR054W_Y55_09_12_15		1
12	16	YCR101C_Y55_09_12_16		1
12	17	YBR165W_Y55_09_12_17		1
12	18	YDL122W_Y55_09_12_18		1
12	19	YBR053C_Y55_09_12_19		1
12	20	YCR100C_Y55_09_12_20		1
12	21	YBR164C_Y55_09_12_21		1
12	22	YDL121C_Y55_09_12_22		1
12	23	YBR052C_Y55_09_12_23		1
12	24	YCR099C_Y55_09_12_24		1
12	25	YBR162W-A_Y55_09_12_25		1
12	26	YDL119C_Y55_09_12_26		1
12	27	YBR051W_Y55_09_12_27		1
12	28	YCR098C_Y55_09_12_28		1
12	29	YBR162C_Y55_09_12_29		1
12	30	YDL118W_Y55_09_12_30		1
12	31	YBR050C_Y55_09_12_31		1
12	32	YCR095C_Y55_09_12_32		1
12	33	YBR161W_Y55_09_12_33		1
12	34	YDL117W_Y55_09_12_34		1
12	35	YBR048W_Y55_09_12_35		1
12	36	YCR092C_Y55_09_12_36		1
12	37	YBR159W_Y55_09_12_37		1
12	38	YDL114W_Y55_09_12_38		1
12	39	YBR047W_Y55_09_12_39		1
12	40	YCR091W_Y55_09_12_40		1
12	41	YBR158W_Y55_09_12_41		1
12	42	YDL113C_Y55_09_12_42		1
12	43	YBR046C_Y55_09_12_43		1
12	44	YCR090C_Y55_09_12_44		1
12	45	YBR157C_Y55_09_12_45		1
12	46	YDL112W_Y55_09_12_46		1
12	47	YOR202W_Y55_09_12_47		1
12	48	YOR202W_Y55_09_12_48		1
13	1	YOR202W_Y55_09_13_01		1
13	2	YOR202W_Y55_09_13_02		1
13	3	YOR252W_Y55_09_13_03		1
13	4	YPR028W_Y55_09_13_04		1
13	5	YOR360C_Y55_09_13_05		1
13	6	YPR152C_Y55_09_13_06		1
13	7	YOR251C_Y55_09_13_07		1
13	8	YPR027C_Y55_09_13_08		1
13	9	YOR359W_Y55_09_13_09		1
13	10	YPR150W_Y55_09_13_10		1
13	11	YOR247W_Y55_09_13_11		1
13	12	YPR026W_Y55_09_13_12		1
13	13	YOR358W_Y55_09_13_13		1
13	14	YPR149W_Y55_09_13_14		1
13	15	YOR246C_Y55_09_13_15		1
13	16	YPR024W_Y55_09_13_16		1
13	17	YOR357C_Y55_09_13_17		1
13	18	YPR148C_Y55_09_13_18		1
13	19	YOR245C_Y55_09_13_19		1
13	20	YPR023C_Y55_09_13_20		1
13	21	YOR356W_Y55_09_13_21		1
13	22	YPR147C_Y55_09_13_22		1
13	23	YOR243C_Y55_09_13_23		1
13	24	YPR022C_Y55_09_13_24		1
13	25	YOR355W_Y55_09_13_25		1
13	26	YPR146C_Y55_09_13_26		1
13	27	YOR242C_Y55_09_13_27		1
13	28	YPR020W_Y55_09_13_28		1
13	29	YOR354C_Y55_09_13_29		1
13	30	YPR145W_Y55_09_13_30		1
13	31	YOR239W_Y55_09_13_31		1
13	32	YPR018W_Y55_09_13_32		1
13	33	YOR352W_Y55_09_13_33		1
13	34	YPR141C_Y55_09_13_34		1
13	35	YOR238W_Y55_09_13_35		1
13	36	YPR017C_Y55_09_13_36		1
13	37	YOR351C_Y55_09_13_37		1
13	38	YPR140W_Y55_09_13_38		1
13	39	YOR237W_Y55_09_13_39		1
13	40	YPR015C_Y55_09_13_40		1
13	41	YOR350C_Y55_09_13_41		1
13	42	YPR138C_Y55_09_13_42		1
13	43	YOR235W_Y55_09_13_43		1
13	44	YPR014C_Y55_09_13_44		1
13	45	YOR349W_Y55_09_13_45		1
13	46	YPR135W_Y55_09_13_46		1
13	47	YOR202W_Y55_09_13_47		1
13	48	YOR202W_Y55_09_13_48		1
14	1	YOR202W_Y55_09_14_01		1
14	2	YOR202W_Y55_09_14_02		1
14	3	YAL054C_Y55_09_14_03		1
14	4	YBR269C_Y55_09_14_04		1
14	5	YBL064C_Y55_09_14_05		1
14	6	YCL069W_Y55_09_14_06		1
14	7	YAL053W_Y55_09_14_07		1
14	8	YBR267W_Y55_09_14_08		1
14	9	YBL063W_Y55_09_14_09		1
14	10	YCL064C_Y55_09_14_10		1
14	11	YAL051W_Y55_09_14_11		1
14	12	YBR266C_Y55_09_14_12		1
14	13	YBL062W_Y55_09_14_13		1
14	14	YCL063W_Y55_09_14_14		1
14	15	YAL049C_Y55_09_14_15		1
14	16	YBR264C_Y55_09_14_16		1
14	17	YBL061C_Y55_09_14_17		1
14	18	YCL062W_Y55_09_14_18		1
14	19	YAL045C_Y55_09_14_19		1
14	20	YBR263W_Y55_09_14_20		1
14	21	YBL060W_Y55_09_14_21		1
14	22	YCL061C_Y55_09_14_22		1
14	23	YAL043C-A_Y55_09_14_23		1
14	24	YBR262C_Y55_09_14_24		1
14	25	YBL059W_Y55_09_14_25		1
14	26	YCL060C_Y55_09_14_26		1
14	27	YAL042W_Y55_09_14_27		1
14	28	YBR261C_Y55_09_14_28		1
14	29	YBL057C_Y55_09_14_29		1
14	30	YCL057W_Y55_09_14_30		1
14	31	YAL040C_Y55_09_14_31		1
14	32	YBR260C_Y55_09_14_32		1
14	33	YBL056W_Y55_09_14_33		1
14	34	YCL056C_Y55_09_14_34		1
14	35	YAL037W_Y55_09_14_35		1
14	36	YBR259W_Y55_09_14_36		1
14	37	YBL055C_Y55_09_14_37		1
14	38	YCL055W_Y55_09_14_38		1
14	39	YAL036C_Y55_09_14_39		1
14	40	YBR258C_Y55_09_14_40		1
14	41	YBL054W_Y55_09_14_41		1
14	42	YCL051W_Y55_09_14_42		1
14	43	YAL034C_Y55_09_14_43		1
14	44	YBR255W_Y55_09_14_44		1
14	45	YBL053W_Y55_09_14_45		1
14	46	YCL050C_Y55_09_14_46		1
14	47	YOR202W_Y55_09_14_47		1
14	48	YOR202W_Y55_09_14_48		1
15	1	YOR202W_Y55_09_15_01		1
15	2	YOR202W_Y55_09_15_02		1
15	3	YPL108W_Y55_09_15_03		1
15	4	YDR043C_Y55_09_15_04		1
15	5	YPL208W_Y55_09_15_05		1
15	6	YLR455W_Y55_09_15_06		1
15	7	YPL107W_Y55_09_15_07		1
15	8	YDR042C_Y55_09_15_08		1
15	9	YPL207W_Y55_09_15_09		1
15	10	YJR066W_Y55_09_15_10		1
15	11	YPL106C_Y55_09_15_11		1
15	12	YDR036C_Y55_09_15_12		1
15	13	YPL206C_Y55_09_15_13		1
15	14	YJR044C_Y55_09_15_14		1
15	15	YPL105C_Y55_09_15_15		1
15	16	YDR035W_Y55_09_15_16		1
15	17	YPL205C_Y55_09_15_17		1
15	18	YJR039W_Y55_09_15_18		1
15	19	YPL103C_Y55_09_15_19		1
15	20	YDR034C_Y55_09_15_20		1
15	21	YPL203W_Y55_09_15_21		1
15	22	YJL103C_Y55_09_15_22		1
15	23	YPL102C_Y55_09_15_23		1
15	24	YPR039W_Y55_09_15_24		1
15	25	YPL202C_Y55_09_15_25		1
15	26	YJL029C_Y55_09_15_26		1
15	27	YPL101W_Y55_09_15_27		1
15	28	YPL072W_Y55_09_15_28		1
15	29	YPL201C_Y55_09_15_29		1
15	30	YNL086W_Y55_09_15_30		1
15	31	YPL100W_Y55_09_15_31		1
15	32	YPL035C_Y55_09_15_32		1
15	33	YPL200W_Y55_09_15_33		1
15	34	YNL053W_Y55_09_15_34		1
15	35	YPL099C_Y55_09_15_35		1
15	36	YPL015C_Y55_09_15_36		1
15	37	YPL199C_Y55_09_15_37		1
15	38	YNL047C_Y55_09_15_38		1
15	39	YPL098C_Y55_09_15_39		1
15	40	YOR240W_Y55_09_15_40		1
15	41	YPL198W_Y55_09_15_41		1
15	42	YNL014W_Y55_09_15_42		1
15	43	YPL096W_Y55_09_15_43		1
15	44	YMR194C-A_Y55_09_15_44		1
15	45	YPL197C_Y55_09_15_45		1
15	46	YNL011C_Y55_09_15_46		1
15	47	YOR202W_Y55_09_15_47		1
15	48	YOR202W_Y55_09_15_48		1
16	1	YOR202W_Y55_09_16_01		1
16	2	YOR202W_Y55_09_16_02		1
16	3	YBR071W_Y55_09_16_03		1
16	4	YDL020C_Y55_09_16_04		1
16	5	YBR182C_Y55_09_16_05		1
16	6	YDL135C_Y55_09_16_06		1
16	7	YBR069C_Y55_09_16_07		1
16	8	YDL019C_Y55_09_16_08		1
16	9	YBR181C_Y55_09_16_09		1
16	10	YDL134C-A_Y55_09_16_10		1
16	11	YBR068C_Y55_09_16_11		1
16	12	YDL018C_Y55_09_16_12		1
16	13	YBR180W_Y55_09_16_13		1
16	14	YDL134C_Y55_09_16_14		1
16	15	YBR067C_Y55_09_16_15		1
16	16	YDL013W_Y55_09_16_16		1
16	17	YBR178W_Y55_09_16_17		1
16	18	YDL133W_Y55_09_16_18		1
16	19	YBR066C_Y55_09_16_19		1
16	20	YDL012C_Y55_09_16_20		1
16	21	YBR177C_Y55_09_16_21		1
16	22	YDL133C-A_Y55_09_16_22		1
16	23	YBR065C_Y55_09_16_23		1
16	24	YDL011C_Y55_09_16_24		1
16	25	YBR176W_Y55_09_16_25		1
16	26	YDL131W_Y55_09_16_26		1
16	27	YBR064W_Y55_09_16_27		1
16	28	YDL010W_Y55_09_16_28		1
16	29	YBR175W_Y55_09_16_29		1
16	30	YDL130W-A_Y55_09_16_30		1
16	31	YBR063C_Y55_09_16_31		1
16	32	YDL006W_Y55_09_16_32		1
16	33	YBR174C_Y55_09_16_33		1
16	34	YDL130W_Y55_09_16_34		1
16	35	YBR062C_Y55_09_16_35		1
16	36	YDL002C_Y55_09_16_36		1
16	37	YBR172C_Y55_09_16_37		1
16	38	YDL129W_Y55_09_16_38		1
16	39	YBR061C_Y55_09_16_39		1
16	40	YDL001W_Y55_09_16_40		1
16	41	YBR171W_Y55_09_16_41		1
16	42	YDL128W_Y55_09_16_42		1
16	43	YBR059C_Y55_09_16_43		1
16	44	YCR106W_Y55_09_16_44		1
16	45	YBR170C_Y55_09_16_45		1
16	46	YDL127W_Y55_09_16_46		1
16	47	YOR202W_Y55_09_16_47		1
16	48	YOR202W_Y55_09_16_48		1
17	1	YOR202W_Y55_09_17_01		1
17	2	YOR202W_Y55_09_17_02		1
17	3	YOR271C_Y55_09_17_03		1
17	4	YPR045C_Y55_09_17_04		1
17	5	YOR378W_Y55_09_17_05		1
17	6	YPR171W_Y55_09_17_06		1
17	7	YOR270C_Y55_09_17_07		1
17	8	YPR044C_Y55_09_17_08		1
17	9	YOR377W_Y55_09_17_09		1
17	10	YPR170C_Y55_09_17_10		1
17	11	YOR269W_Y55_09_17_11		1
17	12	YPR043W_Y55_09_17_12		1
17	13	YOR376W_Y55_09_17_13		1
17	14	YPR167C_Y55_09_17_14		1
17	15	YOR268C_Y55_09_17_15		1
17	16	YPR042C_Y55_09_17_16		1
17	17	YOR375C_Y55_09_17_17		1
17	18	YPR164W_Y55_09_17_18		1
17	19	YOR267C_Y55_09_17_19		1
17	20	YPR040W_Y55_09_17_20		1
17	21	YOR374W_Y55_09_17_21		1
17	22	YPR160W_Y55_09_17_22		1
17	23	YOR266W_Y55_09_17_23		1
17	24	YPR038W_Y55_09_17_24		1
17	25	YOR371C_Y55_09_17_25		1
17	26	YPR158W_Y55_09_17_26		1
17	27	YOR265W_Y55_09_17_27		1
17	28	YPR037C_Y55_09_17_28		1
17	29	YOR368W_Y55_09_17_29		1
17	30	YPR157W_Y55_09_17_30		1
17	31	YOR264W_Y55_09_17_31		1
17	32	YPR032W_Y55_09_17_32		1
17	33	YOR367W_Y55_09_17_33		1
17	34	YPR156C_Y55_09_17_34		1
17	35	YOR263C_Y55_09_17_35		1
17	36	YPR031W_Y55_09_17_36		1
17	37	YOR365C_Y55_09_17_37		1
17	38	YPR155C_Y55_09_17_38		1
17	39	YOR255W_Y55_09_17_39		1
17	40	YPR030W_Y55_09_17_40		1
17	41	YOR364W_Y55_09_17_41		1
17	42	YPR154W_Y55_09_17_42		1
17	43	YOR253W_Y55_09_17_43		1
17	44	YPR029C_Y55_09_17_44		1
17	45	YOR363C_Y55_09_17_45		1
17	46	YPR153W_Y55_09_17_46		1
17	47	YOR202W_Y55_09_17_47		1
17	48	YOR202W_Y55_09_17_48		1
18	1	YOR202W_Y55_09_18_01		1
18	2	YOR202W_Y55_09_18_02		1
18	3	YAL066W_Y55_09_18_03		1
18	4	YBR281C_Y55_09_18_04		1
18	5	YBL079W_Y55_09_18_05		1
18	6	YCR011C_Y55_09_18_06		1
18	7	YAL065C_Y55_09_18_07		1
18	8	YBR280C_Y55_09_18_08		1
18	9	YBL078C_Y55_09_18_09		1
18	10	YCR010C_Y55_09_18_10		1
18	11	YAL064C-A_Y55_09_18_11		1
18	12	YBR278W_Y55_09_18_12		1
18	13	YBL075C_Y55_09_18_13		1
18	14	YCR009C_Y55_09_18_14		1
18	15	YAL062W_Y55_09_18_15		1
18	16	YBR277C_Y55_09_18_16		1
18	17	YBL072C_Y55_09_18_17		1
18	18	YCR008W_Y55_09_18_18		1
18	19	YAL061W_Y55_09_18_19		1
18	20	YBR276C_Y55_09_18_20		1
18	21	YBL071C_Y55_09_18_21		1
18	22	YCR007C_Y55_09_18_22		1
18	23	YAL060W_Y55_09_18_23		1
18	24	YBR275C_Y55_09_18_24		1
18	25	YBL070C_Y55_09_18_25		1
18	26	YCR006C_Y55_09_18_26		1
18	27	YAL059W_Y55_09_18_27		1
18	28	YBR274W_Y55_09_18_28		1
18	29	YBL069W_Y55_09_18_29		1
18	30	YCR005C_Y55_09_18_30		1
18	31	YAL058W_Y55_09_18_31		1
18	32	YBR273C_Y55_09_18_32		1
18	33	YBL068W_Y55_09_18_33		1
18	34	YCR001W_Y55_09_18_34		1
18	35	YAL058C-A_Y55_09_18_35		1
18	36	YBR272C_Y55_09_18_36		1
18	37	YBL067C_Y55_09_18_37		1
18	38	YCL076W_Y55_09_18_38		1
18	39	YAL056W_Y55_09_18_39		1
18	40	YBR271W_Y55_09_18_40		1
18	41	YBL066C_Y55_09_18_41		1
18	42	YCL075W_Y55_09_18_42		1
18	43	YAL055W_Y55_09_18_43		1
18	44	YBR270C_Y55_09_18_44		1
18	45	YBL065W_Y55_09_18_45		1
18	46	YCL074W_Y55_09_18_46		1
18	47	YOR202W_Y55_09_18_47		1
18	48	YOR202W_Y55_09_18_48		1
19	1	YOR202W_Y55_09_19_01		1
19	2	YOR202W_Y55_09_19_02		1
19	3	YPL121C_Y55_09_19_03		1
19	4	YML129C_Y55_09_19_04		1
19	5	YPL225W_Y55_09_19_05		1
19	6	YMR165C_Y55_09_19_06		1
19	7	YPL120W_Y55_09_19_07		1
19	8	YML112W_Y55_09_19_08		1
19	9	YPL224C_Y55_09_19_09		1
19	10	YMR119W_Y55_09_19_10		1
19	11	YPL119C_Y55_09_19_11		1
19	12	YML111W_Y55_09_19_12		1
19	13	YPL223C_Y55_09_19_13		1
19	14	YMR118C_Y55_09_19_14		1
19	15	YPL116W_Y55_09_19_15		1
19	16	YLR238W_Y55_09_19_16		1
19	17	YPL222W_Y55_09_19_17		1
19	18	YOR125C_Y55_09_19_18		1
19	19	YPL115C_Y55_09_19_19		1
19	20	YBR095C_Y55_09_19_20		1
19	21	YPL221W_Y55_09_19_21		1
19	22	YOL153C_Y55_09_19_22		1
19	23	YPL114W_Y55_09_19_23		1
19	24	YBR086C_Y55_09_19_24		1
19	25	YPL220W_Y55_09_19_25		1
19	26	YOL073C_Y55_09_19_26		1
19	27	YPL113C_Y55_09_19_27		1
19	28	YBR085W_Y55_09_19_28		1
19	29	YPL219W_Y55_09_19_29		1
19	30	YNR044W_Y55_09_19_30		1
19	31	YPL112C_Y55_09_19_31		1
19	32	YBR082C_Y55_09_19_32		1
19	33	YPL216W_Y55_09_19_33		1
19	34	YNR033W_Y55_09_19_34		1
19	35	YPL111W_Y55_09_19_35		1
19	36	YBR075W_Y55_09_19_36		1
19	37	YPL214C_Y55_09_19_37		1
19	38	YNL284C_Y55_09_19_38		1
19	39	YPL110C_Y55_09_19_39		1
19	40	YBR061C_Y55_09_19_40		1
19	41	YPL213W_Y55_09_19_41		1
19	42	YNL147W_Y55_09_19_42		1
19	43	YPL109C_Y55_09_19_43		1
19	44	YBR020W_Y55_09_19_44		1
19	45	YPL212C_Y55_09_19_45		1
19	46	YNL111C_Y55_09_19_46		1
19	47	YOR202W_Y55_09_19_47		1
19	48	YOR202W_Y55_09_19_48		1
20	1	YOR202W_Y55_09_20_01		1
20	2	YOR202W_Y55_09_20_02		1
20	3	YBR090C_Y55_09_20_03		1
20	4	YDL038C_Y55_09_20_04		1
20	5	YBR199W_Y55_09_20_05		1
20	6	YDL157C_Y55_09_20_06		1
20	7	YBR084W_Y55_09_20_07		1
20	8	YDL037C_Y55_09_20_08		1
20	9	YBR197C_Y55_09_20_09		1
20	10	YDL156W_Y55_09_20_10		1
20	11	YBR084C-A_Y55_09_20_11		1
20	12	YDL036C_Y55_09_20_12		1
20	13	YBR195C_Y55_09_20_13		1
20	14	YDL155W_Y55_09_20_14		1
20	15	YBR083W_Y55_09_20_15		1
20	16	YDL035C_Y55_09_20_16		1
20	17	YBR194W_Y55_09_20_17		1
20	18	YDL154W_Y55_09_20_18		1
20	19	YBR082C_Y55_09_20_19		1
20	20	YDL034W_Y55_09_20_20		1
20	21	YBR189W_Y55_09_20_21		1
20	22	YDL149W_Y55_09_20_22		1
20	23	YBR077C_Y55_09_20_23		1
20	24	YDL033C_Y55_09_20_24		1
20	25	YBR188C_Y55_09_20_25		1
20	26	YDL146W_Y55_09_20_26		1
20	27	YBR076W_Y55_09_20_27		1
20	28	YDL027C_Y55_09_20_28		1
20	29	YBR187W_Y55_09_20_29		1
20	30	YDL144C_Y55_09_20_30		1
20	31	YBR075W_Y55_09_20_31		1
20	32	YDL026W_Y55_09_20_32		1
20	33	YBR186W_Y55_09_20_33		1
20	34	YDL142C_Y55_09_20_34		1
20	35	YBR074W_Y55_09_20_35		1
20	36	YDL025C_Y55_09_20_36		1
20	37	YBR185C_Y55_09_20_37		1
20	38	YDL138W_Y55_09_20_38		1
20	39	YBR073W_Y55_09_20_39		1
20	40	YDL024C_Y55_09_20_40		1
20	41	YBR184W_Y55_09_20_41		1
20	42	YDL137W_Y55_09_20_42		1
20	43	YBR072W_Y55_09_20_43		1
20	44	YDL023C_Y55_09_20_44		1
20	45	YBR183W_Y55_09_20_45		1
20	46	YDL136W_Y55_09_20_46		1
20	47	YOR202W_Y55_09_20_47		1
20	48	YOR202W_Y55_09_20_48		1
21	1	YOR202W_Y55_09_21_01		1
21	2	YOR202W_Y55_09_21_02		1
21	3	YOR286W_Y55_09_21_03		1
21	4	YPR061C_Y55_09_21_04		1
21	5	YPL008W_Y55_09_21_05		1
21	6	YPR193C_Y55_09_21_06		1
21	7	YOR285W_Y55_09_21_07		1
21	8	YPR060C_Y55_09_21_08		1
21	9	YPL004C_Y55_09_21_09		1
21	10	YPR192W_Y55_09_21_10		1
21	11	YOR284W_Y55_09_21_11		1
21	12	YPR059C_Y55_09_21_12		1
21	13	YPL003W_Y55_09_21_13		1
21	14	YPR191W_Y55_09_21_14		1
21	15	YOR283W_Y55_09_21_15		1
21	16	YPR058W_Y55_09_21_16		1
21	17	YPL001W_Y55_09_21_17		1
21	18	YPR189W_Y55_09_21_18		1
21	19	YOR280C_Y55_09_21_19		1
21	20	YPR057W_Y55_09_21_20		1
21	21	YOR386W_Y55_09_21_21		1
21	22	YPR188C_Y55_09_21_22		1
21	23	YOR279C_Y55_09_21_23		1
21	24	YPR054W_Y55_09_21_24		1
21	25	YOR385W_Y55_09_21_25		1
21	26	YPR185W_Y55_09_21_26		1
21	27	YOR277C_Y55_09_21_27		1
21	28	YPR053C_Y55_09_21_28		1
21	29	YOR384W_Y55_09_21_29		1
21	30	YPR184W_Y55_09_21_30		1
21	31	YOR276W_Y55_09_21_31		1
21	32	YPR052C_Y55_09_21_32		1
21	33	YOR383C_Y55_09_21_33		1
21	34	YPR179C_Y55_09_21_34		1
21	35	YOR275C_Y55_09_21_35		1
21	36	YPR051W_Y55_09_21_36		1
21	37	YOR382W_Y55_09_21_37		1
21	38	YPR174C_Y55_09_21_38		1
21	39	YOR274W_Y55_09_21_39		1
21	40	YPR050C_Y55_09_21_40		1
21	41	YOR381W_Y55_09_21_41		1
21	42	YPR173C_Y55_09_21_42		1
21	43	YOR273C_Y55_09_21_43		1
21	44	YPR046W_Y55_09_21_44		1
21	45	YOR380W_Y55_09_21_45		1
21	46	YPR172W_Y55_09_21_46		1
21	47	YOR202W_Y55_09_21_47		1
21	48	YOR202W_Y55_09_21_48		1
22	1	YOR202W_Y55_09_22_01		1
22	2	YOR202W_Y55_09_22_02		1
22	3	YAR027W_Y55_09_22_03		1
22	4	YBR293W_Y55_09_22_04		1
22	5	YBL094C_Y55_09_22_05		1
22	6	YCR024C-A_Y55_09_22_06		1
22	7	YAR023C_Y55_09_22_07		1
22	8	YBR292C_Y55_09_22_08		1
22	9	YBL091C-A_Y55_09_22_09		1
22	10	YCR023C_Y55_09_22_10		1
22	11	YAR020C_Y55_09_22_11		1
22	12	YBR291C_Y55_09_22_12		1
22	13	YBL091C_Y55_09_22_13		1
22	14	YCR022C_Y55_09_22_14		1
22	15	YAR018C_Y55_09_22_15		1
22	16	YBR290W_Y55_09_22_16		1
22	17	YBL089W_Y55_09_22_17		1
22	18	YCR021C_Y55_09_22_18		1
22	19	YAR015W_Y55_09_22_19		1
22	20	YBR289W_Y55_09_22_20		1
22	21	YBL088C_Y55_09_22_21		1
22	22	YCR020C-A_Y55_09_22_22		1
22	23	YAR014C_Y55_09_22_23		1
22	24	YBR288C_Y55_09_22_24		1
22	25	YBL087C_Y55_09_22_25		1
22	26	YCR020C_Y55_09_22_26		1
22	27	YAR003W_Y55_09_22_27		1
22	28	YBR287W_Y55_09_22_28		1
22	29	YBL086C_Y55_09_22_29		1
22	30	YCR019W_Y55_09_22_30		1
22	31	YAR002W_Y55_09_22_31		1
22	32	YBR286W_Y55_09_22_32		1
22	33	YBL085W_Y55_09_22_33		1
22	34	YCR017C_Y55_09_22_34		1
22	35	YAR002C-A_Y55_09_22_35		1
22	36	YBR285W_Y55_09_22_36		1
22	37	YBL083C_Y55_09_22_37		1
22	38	YCR016W_Y55_09_22_38		1
22	39	YAL068C_Y55_09_22_39		1
22	40	YBR284W_Y55_09_22_40		1
22	41	YBL082C_Y55_09_22_41		1
22	42	YCR015C_Y55_09_22_42		1
22	43	YAL067C_Y55_09_22_43		1
22	44	YBR283C_Y55_09_22_44		1
22	45	YBL081W_Y55_09_22_45		1
22	46	YCR014C_Y55_09_22_46		1
22	47	YOR202W_Y55_09_22_47		1
22	48	YOR202W_Y55_09_22_48		1
23	1	YOR202W_Y55_09_23_01		1
23	2	YOR202W_Y55_09_23_02		1
23	3	YPL139C_Y55_09_23_03		1
23	4	YBL103C_Y55_09_23_04		1
23	5	YPL245W_Y55_09_23_05		1
23	6	YNL109W_Y55_09_23_06		1
23	7	YPL138C_Y55_09_23_07		1
23	8	YAL024C_Y55_09_23_08		1
23	9	YPL244C_Y55_09_23_09		1
23	10	YNL096C_Y55_09_23_10		1
23	11	YPL137C_Y55_09_23_11		1
23	12	YDR271C_Y55_09_23_12		1
23	13	YPL241C_Y55_09_23_13		1
23	14	YOR379C_Y55_09_23_14		1
23	15	YPL136W_Y55_09_23_15		1
23	16	YDR269C_Y55_09_23_16		1
23	17	YPL240C_Y55_09_23_17		1
23	18	YOR366W_Y55_09_23_18		1
23	19	YPL135W_Y55_09_23_19		1
23	20	YDR242W_Y55_09_23_20		1
23	21	YPL239W_Y55_09_23_21		1
23	22	YOR345C_Y55_09_23_22		1
23	23	YPL134C_Y55_09_23_23		1
23	24	YDL074C_Y55_09_23_24		1
23	25	YPL236C_Y55_09_23_25		1
23	26	YOR333C_Y55_09_23_26		1
23	27	YPL133C_Y55_09_23_27		1
23	28	YCR107W_Y55_09_23_28		1
23	29	YPL232W_Y55_09_23_29		1
23	30	YOR325W_Y55_09_23_30		1
23	31	YPL130W_Y55_09_23_31		1
23	32	YBR299W_Y55_09_23_32		1
23	33	YPL230W_Y55_09_23_33		1
23	34	YOR309C_Y55_09_23_34		1
23	35	YPL127C_Y55_09_23_35		1
23	36	YBR165W_Y55_09_23_36		1
23	37	YPL229W_Y55_09_23_37		1
23	38	YOR306C_Y55_09_23_38		1
23	39	YPL125W_Y55_09_23_39		1
23	40	YBR118W_Y55_09_23_40		1
23	41	YPL227C_Y55_09_23_41		1
23	42	YOR300W_Y55_09_23_42		1
23	43	YPL123C_Y55_09_23_43		1
23	44	YBR115C_Y55_09_23_44		1
23	45	YPL226W_Y55_09_23_45		1
23	46	YOR128C_Y55_09_23_46		1
23	47	YOR202W_Y55_09_23_47		1
23	48	YOR202W_Y55_09_23_48		1
24	1	YOR202W_Y55_09_24_01		1
24	2	YOR202W_Y55_09_24_02		1
24	3	YBR104W_Y55_09_24_03		1
24	4	YDL054C_Y55_09_24_04		1
24	5	YBR212W_Y55_09_24_05		1
24	6	YDL173W_Y55_09_24_06		1
24	7	YBR103W_Y55_09_24_07		1
24	8	YDL053C_Y55_09_24_08		1
24	9	YBR210W_Y55_09_24_09		1
24	10	YDL172C_Y55_09_24_10		1
24	11	YBR101C_Y55_09_24_11		1
24	12	YDL042C_Y55_09_24_12		1
24	13	YBR209W_Y55_09_24_13		1
24	14	YDL171C_Y55_09_24_14		1
24	15	YBR100W_Y55_09_24_15		1
24	16	YDL052C_Y55_09_24_16		1
24	17	YBR208C_Y55_09_24_17		1
24	18	YDL170W_Y55_09_24_18		1
24	19	YBR099C_Y55_09_24_19		1
24	20	YDL051W_Y55_09_24_20		1
24	21	YBR207W_Y55_09_24_21		1
24	22	YDL169C_Y55_09_24_22		1
24	23	YBR098W_Y55_09_24_23		1
24	24	YDL048C_Y55_09_24_24		1
24	25	YBR206W_Y55_09_24_25		1
24	26	YDL168W_Y55_09_24_26		1
24	27	YBR095C_Y55_09_24_27		1
24	28	YDL050C_Y55_09_24_28		1
24	29	YBR205W_Y55_09_24_29		1
24	30	YDL167C_Y55_09_24_30		1
24	31	YBR094W_Y55_09_24_31		1
24	32	YDL046W_Y55_09_24_32		1
24	33	YBR204C_Y55_09_24_33		1
24	34	YDL162C_Y55_09_24_34		1
24	35	YBR093C_Y55_09_24_35		1
24	36	YDL041W_Y55_09_24_36		1
24	37	YBR203W_Y55_09_24_37		1
24	38	YDL161W_Y55_09_24_38		1
24	39	YBR092C_Y55_09_24_39		1
24	40	YDL040C_Y55_09_24_40		1
24	41	YBR201W_Y55_09_24_41		1
24	42	YDL160C_Y55_09_24_42		1
24	43	YBR090C-A_Y55_09_24_43		1
24	44	YDL039C_Y55_09_24_44		1
24	45	YBR200W_Y55_09_24_45		1
24	46	YDL159W_Y55_09_24_46		1
24	47	YOR202W_Y55_09_24_47		1
24	48	YOR202W_Y55_09_24_48		1
25	1	YOR202W_Y55_09_25_01		1
25	2	YOR202W_Y55_09_25_02		1
25	3	YOR300W_Y55_09_25_03		1
25	4	YPR074C_Y55_09_25_04		1
25	5	YPL026C_Y55_09_25_05		1
25	6	YJL082W_Y55_09_25_06		1
25	7	YOR299W_Y55_09_25_07		1
25	8	YPR073C_Y55_09_25_08		1
25	9	YPL025C_Y55_09_25_09		1
25	10	YJL079C_Y55_09_25_10		1
25	11	YOR298W_Y55_09_25_11		1
25	12	YPR071W_Y55_09_25_12		1
25	13	YPL024W_Y55_09_25_13		1
25	14	YHR008C_Y55_09_25_14		1
25	15	YOR298C-A_Y55_09_25_15		1
25	16	YPR070W_Y55_09_25_16		1
25	17	YPL023C_Y55_09_25_17		1
25	18	YPR201W_Y55_09_25_18		1
25	19	YOR297C_Y55_09_25_19		1
25	20	YPR069C_Y55_09_25_20		1
25	21	YPL022W_Y55_09_25_21		1
25	22	YPR200C_Y55_09_25_22		1
25	23	YOR296W_Y55_09_25_23		1
25	24	YPR068C_Y55_09_25_24		1
25	25	YPL021W_Y55_09_25_25		1
25	26	YPR199C_Y55_09_25_26		1
25	27	YOR293W_Y55_09_25_27		1
25	28	YPR066W_Y55_09_25_28		1
25	29	YPL019C_Y55_09_25_29		1
25	30	YPR198W_Y55_09_25_30		1
25	31	YOR292C_Y55_09_25_31		1
25	32	YPR065W_Y55_09_25_32		1
25	33	YPL018W_Y55_09_25_33		1
25	34	YPR197C_Y55_09_25_34		1
25	35	YOR291W_Y55_09_25_35		1
25	36	YPR064W_Y55_09_25_36		1
25	37	YPL017C_Y55_09_25_37		1
25	38	YPR196W_Y55_09_25_38		1
25	39	YOR289W_Y55_09_25_39		1
25	40	YPR063C_Y55_09_25_40		1
25	41	YPL014W_Y55_09_25_41		1
25	42	YPR195C_Y55_09_25_42		1
25	43	YOR288C_Y55_09_25_43		1
25	44	YPR062W_Y55_09_25_44		1
25	45	YPL009C_Y55_09_25_45		1
25	46	YPR194C_Y55_09_25_46		1
25	47	YOR202W_Y55_09_25_47		1
25	48	YOR202W_Y55_09_25_48		1
26	1	YOR202W_Y55_09_26_01		1
26	2	YOR202W_Y55_09_26_02		1
26	3	YAR047C_Y55_09_26_03		1
26	4	YCL006C_Y55_09_26_04		1
26	5	YBR001C_Y55_09_26_05		1
26	6	YCR037C_Y55_09_26_06		1
26	7	YAR044W_Y55_09_26_07		1
26	8	YCL002C_Y55_09_26_08		1
26	9	YBL107C_Y55_09_26_09		1
26	10	YCR036W_Y55_09_26_10		1
26	11	YAR043C_Y55_09_26_11		1
26	12	YCL001W-A_Y55_09_26_12		1
26	13	YBL106C_Y55_09_26_13		1
26	14	YCR034W_Y55_09_26_14		1
26	15	YAR042W_Y55_09_26_15		1
26	16	YCL001W_Y55_09_26_16		1
26	17	YBL104C_Y55_09_26_17		1
26	18	YCR033W_Y55_09_26_18		1
26	19	YAR040C_Y55_09_26_19		1
26	20	YBR301W_Y55_09_26_20		1
26	21	YBL103C_Y55_09_26_21		1
26	22	YCR032W_Y55_09_26_22		1
26	23	YAR037W_Y55_09_26_23		1
26	24	YBR300C_Y55_09_26_24		1
26	25	YBL102W_Y55_09_26_25		1
26	26	YCR031C_Y55_09_26_26		1
26	27	YAR035W_Y55_09_26_27		1
26	28	YBR298C_Y55_09_26_28		1
26	29	YBL101C_Y55_09_26_29		1
26	30	YCR030C_Y55_09_26_30		1
26	31	YAR031W_Y55_09_26_31		1
26	32	YBR297W_Y55_09_26_32		1
26	33	YBL100C_Y55_09_26_33		1
26	34	YCR028C-A_Y55_09_26_34		1
26	35	YAR030C_Y55_09_26_35		1
26	36	YBR296C_Y55_09_26_36		1
26	37	YBL098W_Y55_09_26_37		1
26	38	YCR027C_Y55_09_26_38		1
26	39	YAR029W_Y55_09_26_39		1
26	40	YBR295W_Y55_09_26_40		1
26	41	YBL096C_Y55_09_26_41		1
26	42	YCR026C_Y55_09_26_42		1
26	43	YAR028W_Y55_09_26_43		1
26	44	YBR294W_Y55_09_26_44		1
26	45	YBL095W_Y55_09_26_45		1
26	46	YCR025C_Y55_09_26_46		1
26	47	YOR202W_Y55_09_26_47		1
26	48	YOR202W_Y55_09_26_48		1
27	1	YOR202W_Y55_09_27_01		1
27	2	YOR202W_Y55_09_27_02		1
27	3	YPL156C_Y55_09_27_03		1
27	4	YER089C_Y55_09_27_04		1
27	5	YPL260W_Y55_09_27_05		1
27	6	YPR151C_Y55_09_27_06		1
27	7	YPL155C_Y55_09_27_07		1
27	8	YDR515W_Y55_09_27_08		1
27	9	YPL259C_Y55_09_27_09		1
27	10	YPR118W_Y55_09_27_10		1
27	11	YPL154C_Y55_09_27_11		1
27	12	YDR502C_Y55_09_27_12		1
27	13	YPL258C_Y55_09_27_13		1
27	14	YPR091C_Y55_09_27_14		1
27	15	YPL152W_Y55_09_27_15		1
27	16	YDR493W_Y55_09_27_16		1
27	17	YPL257W_Y55_09_27_17		1
27	18	YPR083W_Y55_09_27_18		1
27	19	YPL150W_Y55_09_27_19		1
27	20	YDR483W_Y55_09_27_20		1
27	21	YPL256C_Y55_09_27_21		1
27	22	YPR021C_Y55_09_27_22		1
27	23	YPL149W_Y55_09_27_23		1
27	24	YDR477W_Y55_09_27_24		1
27	25	YPL253C_Y55_09_27_25		1
27	26	YPR011C_Y55_09_27_26		1
27	27	YPL147W_Y55_09_27_27		1
27	28	YDR444W_Y55_09_27_28		1
27	29	YPL250C_Y55_09_27_29		1
27	30	YPL158C_Y55_09_27_30		1
27	31	YPL145C_Y55_09_27_31		1
27	32	YDR326C_Y55_09_27_32		1
27	33	YPL249C_Y55_09_27_33		1
27	34	YML050W_Y55_09_27_34		1
27	35	YPL144W_Y55_09_27_35		1
27	36	YDR290W_Y55_09_27_36		1
27	37	YPL248C_Y55_09_27_37		1
27	38	YLR308W_Y55_09_27_38		1
27	39	YPL141C_Y55_09_27_39		1
27	40	YFL063W_Y55_09_27_40		1
27	41	YPL247C_Y55_09_27_41		1
27	42	YOL086C_Y55_09_27_42		1
27	43	YPL140C_Y55_09_27_43		1
27	44	YFL033C_Y55_09_27_44		1
27	45	YPL246C_Y55_09_27_45		1
27	46	YDR461W_Y55_09_27_46		1
27	47	YOR202W_Y55_09_27_47		1
27	48	YOR202W_Y55_09_27_48		1
28	1	YOR202W_Y55_09_28_01		1
28	2	YOR202W_Y55_09_28_02		1
28	3	YBR121C_Y55_09_28_03		1
28	4	YDL077C_Y55_09_28_04		1
28	5	YBR223C_Y55_09_28_05		1
28	6	YDL184C_Y55_09_28_06		1
28	7	YBR119W_Y55_09_28_07		1
28	8	YDL076C_Y55_09_28_08		1
28	9	YBR222C_Y55_09_28_09		1
28	10	YDL183C_Y55_09_28_10		1
28	11	YBR116C_Y55_09_28_11		1
28	12	YDL074C_Y55_09_28_12		1
28	13	YBR221C_Y55_09_28_13		1
28	14	YDL182W_Y55_09_28_14		1
28	15	YBR115C_Y55_09_28_15		1
28	16	YDL071C_Y55_09_28_16		1
28	17	YBR220C_Y55_09_28_17		1
28	18	YDL181W_Y55_09_28_18		1
28	19	YBR114W_Y55_09_28_19		1
28	20	YDL070W_Y55_09_28_20		1
28	21	YBR219C_Y55_09_28_21		1
28	22	YDL180W_Y55_09_28_22		1
28	23	YBR113W_Y55_09_28_23		1
28	24	YDL066W_Y55_09_28_24		1
28	25	YBR218C_Y55_09_28_25		1
28	26	YDL179W_Y55_09_28_26		1
28	27	YBR111C_Y55_09_28_27		1
28	28	YDL065C_Y55_09_28_28		1
28	29	YBR217W_Y55_09_28_29		1
28	30	YDL178W_Y55_09_28_30		1
28	31	YBR108W_Y55_09_28_31		1
28	32	YDL062W_Y55_09_28_32		1
28	33	YBR216C_Y55_09_28_33		1
28	34	YDL177C_Y55_09_28_34		1
28	35	YBR107C_Y55_09_28_35		1
28	36	YDL061C_Y55_09_28_36		1
28	37	YBR215W_Y55_09_28_37		1
28	38	YDL176W_Y55_09_28_38		1
28	39	YBR106W_Y55_09_28_39		1
28	40	YDL059C_Y55_09_28_40		1
28	41	YBR214W_Y55_09_28_41		1
28	42	YDL175C_Y55_09_28_42		1
28	43	YBR105C_Y55_09_28_43		1
28	44	YDL056W_Y55_09_28_44		1
28	45	YBR213W_Y55_09_28_45		1
28	46	YDL174C_Y55_09_28_46		1
28	47	YOR202W_Y55_09_28_47		1
28	48	YOR202W_Y55_09_28_48		1
29	1	YOR202W_Y55_09_29_01		1
29	2	YOR202W_Y55_09_29_02		1
29	3	YOR312C_Y55_09_29_03		1
29	4	YPR095C_Y55_09_29_04		1
29	5	YPL046C_Y55_09_29_05		1
29	6	YOR202W_Y55_09_29_06		1
29	7	YOR311C_Y55_09_29_07		1
29	8	YPR093C_Y55_09_29_08		1
29	9	YPL041C_Y55_09_29_09		1
29	10	YOR202W_Y55_09_29_10		1
29	11	YOR309C_Y55_09_29_11		1
29	12	YPR092W_Y55_09_29_12		1
29	13	YPL039W_Y55_09_29_13		1
29	14	YOR202W_Y55_09_29_14		1
29	15	YOR308C_Y55_09_29_15		1
29	16	YPR090W_Y55_09_29_16		1
29	17	YPL038W_Y55_09_29_17		1
29	18	YNR041C_Y55_09_29_18		1
29	19	YOR307C_Y55_09_29_19		1
29	20	YPR089W_Y55_09_29_20		1
29	21	YPL037C_Y55_09_29_21		1
29	22	YJR034W_Y55_09_29_22		1
29	23	YOR306C_Y55_09_29_23		1
29	24	YPR084W_Y55_09_29_24		1
29	25	YPL036W_Y55_09_29_25		1
29	26	YJL120W_Y55_09_29_26		1
29	27	YOR303W_Y55_09_29_27		1
29	28	YPR079W_Y55_09_29_28		1
29	29	YPL034W_Y55_09_29_29		1
29	30	YJL119C_Y55_09_29_30		1
29	31	YOR304W_Y55_09_29_31		1
29	32	YPR078C_Y55_09_29_32		1
29	33	YPL033C_Y55_09_29_33		1
29	34	YJL117W_Y55_09_29_34		1
29	35	YOR304C-A_Y55_09_29_35		1
29	36	YPR077C_Y55_09_29_36		1
29	37	YPL032C_Y55_09_29_37		1
29	38	YJL107C_Y55_09_29_38		1
29	39	YOR302W_Y55_09_29_39		1
29	40	YPR076W_Y55_09_29_40		1
29	41	YPL030W_Y55_09_29_41		1
29	42	YJL106W_Y55_09_29_42		1
29	43	YOR301W_Y55_09_29_43		1
29	44	YPR075C_Y55_09_29_44		1
29	45	YPL027W_Y55_09_29_45		1
29	46	YJL092W_Y55_09_29_46		1
29	47	YOR202W_Y55_09_29_47		1
29	48	YOR202W_Y55_09_29_48		1
30	1	YOR202W_Y55_09_30_01		1
30	2	YOR202W_Y55_09_30_02		1
30	3	YBL015W_Y55_09_30_03		1
30	4	YCL025C_Y55_09_30_04		1
30	5	YBR016W_Y55_09_30_05		1
30	6	YCR061W_Y55_09_30_06		1
30	7	YBL013W_Y55_09_30_07		1
30	8	YCL024W_Y55_09_30_08		1
30	9	YBR015C_Y55_09_30_09		1
30	10	YCR060W_Y55_09_30_10		1
30	11	YBL011W_Y55_09_30_11		1
30	12	YCL023C_Y55_09_30_12		1
30	13	YBR014C_Y55_09_30_13		1
30	14	YCR059C_Y55_09_30_14		1
30	15	YBL010C_Y55_09_30_15		1
30	16	YCL022C_Y55_09_30_16		1
30	17	YBR013C_Y55_09_30_17		1
30	18	YCR053W_Y55_09_30_18		1
30	19	YBL009W_Y55_09_30_19		1
30	20	YCL016C_Y55_09_30_20		1
30	21	YBR012C_Y55_09_30_21		1
30	22	YCR051W_Y55_09_30_22		1
30	23	YBL008W_Y55_09_30_23		1
30	24	YCL014W_Y55_09_30_24		1
30	25	YBR010W_Y55_09_30_25		1
30	26	YCR050C_Y55_09_30_26		1
30	27	YBL007C_Y55_09_30_27		1
30	28	YCL013W_Y55_09_30_28		1
30	29	YBR009C_Y55_09_30_29		1
30	30	YCR049C_Y55_09_30_30		1
30	31	YBL005W_Y55_09_30_31		1
30	32	YCL012W_Y55_09_30_32		1
30	33	YBR008C_Y55_09_30_33		1
30	34	YCR048W_Y55_09_30_34		1
30	35	YBL003C_Y55_09_30_35		1
30	36	YCL011C_Y55_09_30_36		1
30	37	YBR007C_Y55_09_30_37		1
30	38	YCR045C_Y55_09_30_38		1
30	39	YBL001C_Y55_09_30_39		1
30	40	YCL010C_Y55_09_30_40		1
30	41	YBR006W_Y55_09_30_41		1
30	42	YCR044C_Y55_09_30_42		1
30	43	YAR050W_Y55_09_30_43		1
30	44	YCL009C_Y55_09_30_44		1
30	45	YBR005W_Y55_09_30_45		1
30	46	YCR043C_Y55_09_30_46		1
30	47	YOR202W_Y55_09_30_47		1
30	48	YOR202W_Y55_09_30_48		1
31	1	YOR202W_Y55_09_31_01		1
31	2	YOR202W_Y55_09_31_02		1
31	3	YOR202W_Y55_09_31_03		1
31	4	YOR202W_Y55_09_31_04		1
31	5	YOR202W_Y55_09_31_05		1
31	6	YOR202W_Y55_09_31_06		1
31	7	YOR202W_Y55_09_31_07		1
31	8	YOR202W_Y55_09_31_08		1
31	9	YOR202W_Y55_09_31_09		1
31	10	YOR202W_Y55_09_31_10		1
31	11	YOR202W_Y55_09_31_11		1
31	12	YOR202W_Y55_09_31_12		1
31	13	YOR202W_Y55_09_31_13		1
31	14	YOR202W_Y55_09_31_14		1
31	15	YOR202W_Y55_09_31_15		1
31	16	YOR202W_Y55_09_31_16		1
31	17	YOR202W_Y55_09_31_17		1
31	18	YOR202W_Y55_09_31_18		1
31	19	YOR202W_Y55_09_31_19		1
31	20	YOR202W_Y55_09_31_20		1
31	21	YOR202W_Y55_09_31_21		1
31	22	YOR202W_Y55_09_31_22		1
31	23	YOR202W_Y55_09_31_23		1
31	24	YOR202W_Y55_09_31_24		1
31	25	YOR202W_Y55_09_31_25		1
31	26	YOR202W_Y55_09_31_26		1
31	27	YOR202W_Y55_09_31_27		1
31	28	YOR202W_Y55_09_31_28		1
31	29	YOR202W_Y55_09_31_29		1
31	30	YOR202W_Y55_09_31_30		1
31	31	YOR202W_Y55_09_31_31		1
31	32	YOR202W_Y55_09_31_32		1
31	33	YOR202W_Y55_09_31_33		1
31	34	YOR202W_Y55_09_31_34		1
31	35	YOR202W_Y55_09_31_35		1
31	36	YOR202W_Y55_09_31_36		1
31	37	YOR202W_Y55_09_31_37		1
31	38	YOR202W_Y55_09_31_38		1
31	39	YOR202W_Y55_09_31_39		1
31	40	YOR202W_Y55_09_31_40		1
31	41	YOR202W_Y55_09_31_41		1
31	42	YOR202W_Y55_09_31_42		1
31	43	YOR202W_Y55_09_31_43		1
31	44	YOR202W_Y55_09_31_44		1
31	45	YOR202W_Y55_09_31_45		1
31	46	YOR202W_Y55_09_31_46		1
31	47	YOR202W_Y55_09_31_47		1
31	48	YOR202W_Y55_09_31_48		1
32	1	YOR202W_Y55_09_32_01		1
32	2	YOR202W_Y55_09_32_02		1
32	3	YOR202W_Y55_09_32_03		1
32	4	YOR202W_Y55_09_32_04		1
32	5	YOR202W_Y55_09_32_05		1
32	6	YOR202W_Y55_09_32_06		1
32	7	YOR202W_Y55_09_32_07		1
32	8	YOR202W_Y55_09_32_08		1
32	9	YOR202W_Y55_09_32_09		1
32	10	YOR202W_Y55_09_32_10		1
32	11	YOR202W_Y55_09_32_11		1
32	12	YOR202W_Y55_09_32_12		1
32	13	YOR202W_Y55_09_32_13		1
32	14	YOR202W_Y55_09_32_14		1
32	15	YOR202W_Y55_09_32_15		1
32	16	YOR202W_Y55_09_32_16		1
32	17	YOR202W_Y55_09_32_17		1
32	18	YOR202W_Y55_09_32_18		1
32	19	YOR202W_Y55_09_32_19		1
32	20	YOR202W_Y55_09_32_20		1
32	21	YOR202W_Y55_09_32_21		1
32	22	YOR202W_Y55_09_32_22		1
32	23	YOR202W_Y55_09_32_23		1
32	24	YOR202W_Y55_09_32_24		1
32	25	YOR202W_Y55_09_32_25		1
32	26	YOR202W_Y55_09_32_26		1
32	27	YOR202W_Y55_09_32_27		1
32	28	YOR202W_Y55_09_32_28		1
32	29	YOR202W_Y55_09_32_29		1
32	30	YOR202W_Y55_09_32_30		1
32	31	YOR202W_Y55_09_32_31		1
32	32	YOR202W_Y55_09_32_32		1
32	33	YOR202W_Y55_09_32_33		1
32	34	YOR202W_Y55_09_32_34		1
32	35	YOR202W_Y55_09_32_35		1
32	36	YOR202W_Y55_09_32_36		1
32	37	YOR202W_Y55_09_32_37		1
32	38	YOR202W_Y55_09_32_38		1
32	39	YOR202W_Y55_09_32_39		1
32	40	YOR202W_Y55_09_32_40		1
32	41	YOR202W_Y55_09_32_41		1
32	42	YOR202W_Y55_09_32_42		1
32	43	YOR202W_Y55_09_32_43		1
32	44	YOR202W_Y55_09_32_44		1
32	45	YOR202W_Y55_09_32_45		1
32	46	YOR202W_Y55_09_32_46		1
32	47	YOR202W_Y55_09_32_47		1
32	48	YOR202W_Y55_09_32_48		1
