Row	Column	Strain	Info	Normalization_group
1	1	YAL049C_S288C_04_01_01		1
1	2	PBY365_Y8205_04_01_02		2
1	3	PBY701_Y8205_04_01_03		2
1	4	PBY445_Y8205_04_01_04		2
1	5	YDR090C_S288C_04_01_05		1
1	6	PBY879_Y8205_04_01_06		2
1	7	PBY210_Y8205_04_01_07		2
1	8	PBY578_Y8205_04_01_08		2
1	9	YEL041W_S288C_04_01_09		1
1	10	PBY555_Y8205_04_01_10		2
1	11	PBY798_Y8205_04_01_11		2
1	12	PBY483_Y8205_04_01_12		2
1	13	PBY5_Y8205_04_01_13		2
1	14	PBY886_Y8205_04_01_14		2
1	15	PBY335_Y8205_04_01_15		2
1	16	PBY89_Y8205_04_01_16		2
1	17	PBY5_Y8205_04_01_17		2
1	18	PBY173_Y8205_04_01_18		2
1	19	PBY554_Y8205_04_01_19		2
1	20	PBY199_Y8205_04_01_20		2
1	21	YGL196W_S288C_04_01_21		1
1	22	PBY342_Y8205_04_01_22		2
1	23	PBY236_Y8205_04_01_23		2
1	24	PBY815_Y8205_04_01_24		2
1	25	YHR001W_S288C_04_01_25		1
1	26	PBY588_Y8205_04_01_26		2
1	27	PBY828_Y8205_04_01_27		2
1	28	PBY714_Y8205_04_01_28		2
1	29	PBY5_Y8205_04_01_29		2
1	30	PBY158_Y8205_04_01_30		2
1	31	PBY112_Y8205_04_01_31		2
1	32	PBY590_Y8205_04_01_32		2
1	33	YIL127C_S288C_04_01_33		1
1	34	PBY581_Y8205_04_01_34		2
1	35	PBY540_Y8205_04_01_35		2
1	36	PBY443_Y8205_04_01_36		2
1	37	YMR032W_S288C_04_01_37		1
1	38	PBY513_Y8205_04_01_38		2
1	39	PBY824_Y8205_04_01_39		2
1	40	PBY285_Y8205_04_01_40		2
1	41	YNL162W_S288C_04_01_41		1
1	42	PBY461_Y8205_04_01_42		2
1	43	PBY748_Y8205_04_01_43		2
1	44	PBY707_Y8205_04_01_44		2
1	45	YOL073C_S288C_04_01_45		1
1	46	PBY396_Y8205_04_01_46		2
1	47	PBY712_Y8205_04_01_47		2
1	48	PBY537_Y8205_04_01_48		2
2	1	YGL129C_S288C_04_02_01		1
2	2	YOR128C_S288C_04_02_02		1
2	3	YER175C_S288C_04_02_03		1
2	4	YAL016C-B_S288C_04_02_04		1
2	5	YGL131C_S288C_04_02_05		1
2	6	YEL044W_S288C_04_02_06		1
2	7	YER176W_S288C_04_02_07		1
2	8	YAL037C-A_S288C_04_02_08		1
2	9	YGL132W_S288C_04_02_09		1
2	10	YER087W_S288C_04_02_10		1
2	11	YER177W_S288C_04_02_11		1
2	12	YAL067W-A_S288C_04_02_12		1
2	13	YGL133W_S288C_04_02_13		1
2	14	YEL029C_S288C_04_02_14		1
2	15	YER178W_S288C_04_02_15		1
2	16	YAR035C-A_S288C_04_02_16		1
2	17	YGL135W_S288C_04_02_17		1
2	18	YHR010W_S288C_04_02_18		1
2	19	YER179W_S288C_04_02_19		1
2	20	YBL008W-A_S288C_04_02_20		1
2	21	YGL136C_S288C_04_02_21		1
2	22	YHR021C_S288C_04_02_22		1
2	23	YER180C_S288C_04_02_23		1
2	24	YBL029C-A_S288C_04_02_24		1
2	25	YGL138C_S288C_04_02_25		1
2	26	YLL027W_S288C_04_02_26		1
2	27	YER181C_S288C_04_02_27		1
2	28	YBL039W-A_S288C_04_02_28		1
2	29	YGL139W_S288C_04_02_29		1
2	30	YLR226W_S288C_04_02_30		1
2	31	YER182W_S288C_04_02_31		1
2	32	YBL071C-B_S288C_04_02_32		1
2	33	YGL140C_S288C_04_02_33		1
2	34	YOR369C_S288C_04_02_34		1
2	35	YER183C_S288C_04_02_35		1
2	36	YBL071W-A_S288C_04_02_36		1
2	37	YGL141W_S288C_04_02_37		1
2	38	YFL016C_S288C_04_02_38		1
2	39	YER184C_S288C_04_02_39		1
2	40	YBL101W-C_S288C_04_02_40		1
2	41	YGL143C_S288C_04_02_41		1
2	42	YGR257C_S288C_04_02_42		1
2	43	YER185W_S288C_04_02_43		1
2	44	YBR056W-A_S288C_04_02_44		1
2	45	YGL144C_S288C_04_02_45		1
2	46	YNL055C_S288C_04_02_46		1
2	47	YER186C_S288C_04_02_47		1
2	48	YBR058C-A_S288C_04_02_48		1
3	1	PBY490_Y8205_04_03_01		2
3	2	PBY558_Y8205_04_03_02		2
3	3	PBY99_Y8205_04_03_03		2
3	4	PBY5_Y8205_04_03_04		2
3	5	PBY462_Y8205_04_03_05		2
3	6	PBY456_Y8205_04_03_06		2
3	7	PBY447_Y8205_04_03_07		2
3	8	PBY384_Y8205_04_03_08		2
3	9	PBY241_Y8205_04_03_09		2
3	10	PBY169_Y8205_04_03_10		2
3	11	PBY667_Y8205_04_03_11		2
3	12	PBY481_Y8205_04_03_12		2
3	13	PBY741_Y8205_04_03_13		2
3	14	PBY635_Y8205_04_03_14		2
3	15	PBY659_Y8205_04_03_15		2
3	16	PBY133_Y8205_04_03_16		2
3	17	PBY5_Y8205_04_03_17		2
3	18	PBY710_Y8205_04_03_18		2
3	19	PBY177_Y8205_04_03_19		2
3	20	PBY674_Y8205_04_03_20		2
3	21	PBY250_Y8205_04_03_21		2
3	22	PBY387_Y8205_04_03_22		2
3	23	PBY742_Y8205_04_03_23		2
3	24	PBY605_Y8205_04_03_24		2
3	25	PBY271_Y8205_04_03_25		2
3	26	PBY91_Y8205_04_03_26		2
3	27	PBY43_Y8205_04_03_27		2
3	28	PBY686_Y8205_04_03_28		2
3	29	PBY327_Y8205_04_03_29		2
3	30	PBY855_Y8205_04_03_30		2
3	31	PBY132_Y8205_04_03_31		2
3	32	PBY884_Y8205_04_03_32		2
3	33	PBY286_Y8205_04_03_33		2
3	34	PBY121_Y8205_04_03_34		2
3	35	PBY5_Y8205_04_03_35		2
3	36	PBY434_Y8205_04_03_36		2
3	37	PBY534_Y8205_04_03_37		2
3	38	PBY202_Y8205_04_03_38		2
3	39	PBY109_Y8205_04_03_39		2
3	40	PBY272_Y8205_04_03_40		2
3	41	PBY84_Y8205_04_03_41		2
3	42	PBY694_Y8205_04_03_42		2
3	43	PBY587_Y8205_04_03_43		2
3	44	PBY579_Y8205_04_03_44		2
3	45	PBY777_Y8205_04_03_45		2
3	46	PBY766_Y8205_04_03_46		2
3	47	PBY653_Y8205_04_03_47		2
3	48	PBY547_Y8205_04_03_48		2
4	1	YFL063W_S288C_04_04_01		1
4	2	WT_S288C_04_04_02		1
4	3	YOR150W_S288C_04_04_03		1
4	4	YAR042W_S288C_04_04_04		1
4	5	YJL103C_S288C_04_04_05		1
4	6	WT_S288C_04_04_06		1
4	7	YOR158W_S288C_04_04_07		1
4	8	YBL091C-A_S288C_04_04_08		1
4	9	YML073C_S288C_04_04_09		1
4	10	WT_S288C_04_04_10		1
4	11	YLR337C_S288C_04_04_11		1
4	12	YBL104C_S288C_04_04_12		1
4	13	YNL011C_S288C_04_04_13		1
4	14	WT_S288C_04_04_14		1
4	15	YLR338W_S288C_04_04_15		1
4	16	YBR074W_S288C_04_04_16		1
4	17	YNL014W_S288C_04_04_17		1
4	18	WT_S288C_04_04_18		1
4	19	YLR369W_S288C_04_04_19		1
4	20	YBR098W_S288C_04_04_20		1
4	21	WT_S288C_04_04_21		1
4	22	WT_S288C_04_04_22		1
4	23	YLR389C_S288C_04_04_23		1
4	24	YBR122C_S288C_04_04_24		1
4	25	WT_S288C_04_04_25		1
4	26	WT_S288C_04_04_26		1
4	27	YLR391W_S288C_04_04_27		1
4	28	YBR157C_S288C_04_04_28		1
4	29	WT_S288C_04_04_29		1
4	30	WT_S288C_04_04_30		1
4	31	YLR240W_S288C_04_04_31		1
4	32	YBR201W_S288C_04_04_32		1
4	33	WT_S288C_04_04_33		1
4	34	WT_S288C_04_04_34		1
4	35	YLR244C_S288C_04_04_35		1
4	36	YBR230W-A_S288C_04_04_36		1
4	37	WT_S288C_04_04_37		1
4	38	WT_S288C_04_04_38		1
4	39	YGL206C_S288C_04_04_39		1
4	40	YCL002C_S288C_04_04_40		1
4	41	WT_S288C_04_04_41		1
4	42	WT_S288C_04_04_42		1
4	43	YGL223C_S288C_04_04_43		1
4	44	WT_S288C_04_04_44		1
4	45	WT_S288C_04_04_45		1
4	46	WT_S288C_04_04_46		1
4	47	YLR399C_S288C_04_04_47		1
4	48	YCL012C_S288C_04_04_48		1
5	1	YBR062C_S288C_04_05_01		1
5	2	PBY853_Y8205_04_05_02		2
5	3	PBY103_Y8205_04_05_03		2
5	4	PBY376_Y8205_04_05_04		2
5	5	YBR105C_S288C_04_05_05		1
5	6	PBY881_Y8205_04_05_06		2
5	7	PBY333_Y8205_04_05_07		2
5	8	PBY788_Y8205_04_05_08		2
5	9	YBR274W_S288C_04_05_09		1
5	10	PBY592_Y8205_04_05_10		2
5	11	PBY220_Y8205_04_05_11		2
5	12	PBY509_Y8205_04_05_12		2
5	13	YCL005W-A_S288C_04_05_13		1
5	14	PBY35_Y8205_04_05_14		2
5	15	PBY582_Y8205_04_05_15		2
5	16	PBY629_Y8205_04_05_16		2
5	17	YCR061W_S288C_04_05_17		1
5	18	PBY122_Y8205_04_05_18		2
5	19	PBY48_Y8205_04_05_19		2
5	20	PBY142_Y8205_04_05_20		2
5	21	YCR095W-A_S288C_04_05_21		1
5	22	PBY398_Y8205_04_05_22		2
5	23	PBY163_Y8205_04_05_23		2
5	24	PBY792_Y8205_04_05_24		2
5	25	YDL026W_S288C_04_05_25		1
5	26	PBY775_Y8205_04_05_26		2
5	27	PBY840_Y8205_04_05_27		2
5	28	WT_S288C_04_05_28		1
5	29	YDL036C_S288C_04_05_29		1
5	30	PBY627_Y8205_04_05_30		2
5	31	PBY430_Y8205_04_05_31		2
5	32	PBY312_Y8205_04_05_32		2
5	33	YDL069C_S288C_04_05_33		1
5	34	PBY485_Y8205_04_05_34		2
5	35	PBY501_Y8205_04_05_35		2
5	36	PBY432_Y8205_04_05_36		2
5	37	YDL077C_S288C_04_05_37		1
5	38	PBY275_Y8205_04_05_38		2
5	39	PBY104_Y8205_04_05_39		2
5	40	PBY549_Y8205_04_05_40		2
5	41	YDR092W_S288C_04_05_41		1
5	42	PBY720_Y8205_04_05_42		2
5	43	PBY691_Y8205_04_05_43		2
5	44	PBY249_Y8205_04_05_44		2
5	45	YDR147W_S288C_04_05_45		1
5	46	PBY168_Y8205_04_05_46		2
5	47	PBY124_Y8205_04_05_47		2
5	48	PBY407_Y8205_04_05_48		2
6	1	YGL146C_S288C_04_06_01		1
6	2	YDR417C_S288C_04_06_02		1
6	3	YER187W_S288C_04_06_03		1
6	4	YBR072C-A_S288C_04_06_04		1
6	5	YGL147C_S288C_04_06_05		1
6	6	YGR167W_S288C_04_06_06		1
6	7	YMR052C-A_S288C_04_06_07		1
6	8	YBR085C-A_S288C_04_06_08		1
6	9	YGL148W_S288C_04_06_09		1
6	10	YCL007C_S288C_04_06_10		1
6	11	YMR052W_S288C_04_06_11		1
6	12	YBR111W-A_S288C_04_06_12		1
6	13	YGL149W_S288C_04_06_13		1
6	14	YLR148W_S288C_04_06_14		1
6	15	YMR053C_S288C_04_06_15		1
6	16	YBR182C-A_S288C_04_06_16		1
6	17	YGL151W_S288C_04_06_17		1
6	18	YKL155C_S288C_04_06_18		1
6	19	YMR054W_S288C_04_06_19		1
6	20	YBR196C-A_S288C_04_06_20		1
6	21	YGL152C_S288C_04_06_21		1
6	22	YER014C-A_S288C_04_06_22		1
6	23	YMR055C_S288C_04_06_23		1
6	24	YBR196C-B_S288C_04_06_24		1
6	25	YGL153W_S288C_04_06_25		1
6	26	YER070W_S288C_04_06_26		1
6	27	YMR056C_S288C_04_06_27		1
6	28	YBR200W-A_S288C_04_06_28		1
6	29	YGL154C_S288C_04_06_29		1
6	30	YEL036C_S288C_04_06_30		1
6	31	YMR057C_S288C_04_06_31		1
6	32	YBR221W-A_S288C_04_06_32		1
6	33	YGL156W_S288C_04_06_33		1
6	34	YNL296W_S288C_04_06_34		1
6	35	YMR058W_S288C_04_06_35		1
6	36	WT_S288C_04_06_36		1
6	37	YGL157W_S288C_04_06_37		1
6	38	YDR138W_S288C_04_06_38		1
6	39	YJR034W_S288C_04_06_39		1
6	40	YBR296C-A_S288C_04_06_40		1
6	41	YGL158W_S288C_04_06_41		1
6	42	YPR133W-A_S288C_04_06_42		1
6	43	YJR039W_S288C_04_06_43		1
6	44	YCL001W-B_S288C_04_06_44		1
6	45	YGL159W_S288C_04_06_45		1
6	46	YGL029W_S288C_04_06_46		1
6	47	YJR044C_S288C_04_06_47		1
6	48	YCL057C-A_S288C_04_06_48		1
7	1	PBY471_Y8205_04_07_01		2
7	2	PBY60_Y8205_04_07_02		2
7	3	PBY416_Y8205_04_07_03		2
7	4	PBY745_Y8205_04_07_04		2
7	5	PBY56_Y8205_04_07_05		2
7	6	PBY419_Y8205_04_07_06		2
7	7	PBY208_Y8205_04_07_07		2
7	8	PBY864_Y8205_04_07_08		2
7	9	PBY399_Y8205_04_07_09		2
7	10	PBY311_Y8205_04_07_10		2
7	11	PBY771_Y8205_04_07_11		2
7	12	PBY137_Y8205_04_07_12		2
7	13	PBY369_Y8205_04_07_13		2
7	14	PBY68_Y8205_04_07_14		2
7	15	PBY402_Y8205_04_07_15		2
7	16	PBY857_Y8205_04_07_16		2
7	17	PBY687_Y8205_04_07_17		2
7	18	PBY61_Y8205_04_07_18		2
7	19	PBY467_Y8205_04_07_19		2
7	20	PBY400_Y8205_04_07_20		2
7	21	PBY489_Y8205_04_07_21		2
7	22	PBY161_Y8205_04_07_22		2
7	23	PBY598_Y8205_04_07_23		2
7	24	PBY338_Y8205_04_07_24		2
7	25	PBY213_Y8205_04_07_25		2
7	26	PBY37_Y8205_04_07_26		2
7	27	PBY631_Y8205_04_07_27		2
7	28	PBY866_Y8205_04_07_28		2
7	29	PBY189_Y8205_04_07_29		2
7	30	PBY179_Y8205_04_07_30		2
7	31	PBY539_Y8205_04_07_31		2
7	32	PBY425_Y8205_04_07_32		2
7	33	PBY156_Y8205_04_07_33		2
7	34	PBY55_Y8205_04_07_34		2
7	35	PBY178_Y8205_04_07_35		2
7	36	PBY755_Y8205_04_07_36		2
7	37	PBY743_Y8205_04_07_37		2
7	38	PBY413_Y8205_04_07_38		2
7	39	PBY150_Y8205_04_07_39		2
7	40	PBY382_Y8205_04_07_40		2
7	41	PBY5_Y8205_04_07_41		2
7	42	PBY5_Y8205_04_07_42		2
7	43	PBY888_Y8205_04_07_43		2
7	44	PBY619_Y8205_04_07_44		2
7	45	PBY761_Y8205_04_07_45		2
7	46	PBY79_Y8205_04_07_46		2
7	47	PBY688_Y8205_04_07_47		2
7	48	PBY366_Y8205_04_07_48		2
8	1	WT_S288C_04_08_01		1
8	2	WT_S288C_04_08_02		1
8	3	YLR403W_S288C_04_08_03		1
8	4	YCL014W_S288C_04_08_04		1
8	5	WT_S288C_04_08_05		1
8	6	WT_S288C_04_08_06		1
8	7	YLR396C_S288C_04_08_07		1
8	8	YCL061C_S288C_04_08_08		1
8	9	WT_S288C_04_08_09		1
8	10	WT_S288C_04_08_10		1
8	11	YGL240W_S288C_04_08_11		1
8	12	YCR061W_S288C_04_08_12		1
8	13	WT_S288C_04_08_13		1
8	14	WT_S288C_04_08_14		1
8	15	YPL059W_S288C_04_08_15		1
8	16	YDR318W_S288C_04_08_16		1
8	17	WT_S288C_04_08_17		1
8	18	WT_S288C_04_08_18		1
8	19	YPL050C_S288C_04_08_19		1
8	20	YDR475C_S288C_04_08_20		1
8	21	WT_S288C_04_08_21		1
8	22	WT_S288C_04_08_22		1
8	23	YPL045W_S288C_04_08_23		1
8	24	YER109C_S288C_04_08_24		1
8	25	WT_S288C_04_08_25		1
8	26	WT_S288C_04_08_26		1
8	27	YPL031C_S288C_04_08_27		1
8	28	WT_S288C_04_08_28		1
8	29	WT_S288C_04_08_29		1
8	30	WT_S288C_04_08_30		1
8	31	YPL024W_S288C_04_08_31		1
8	32	YFL031W_S288C_04_08_32		1
8	33	WT_S288C_04_08_33		1
8	34	WT_S288C_04_08_34		1
8	35	YGR219W_S288C_04_08_35		1
8	36	YFL042C_S288C_04_08_36		1
8	37	WT_S288C_04_08_37		1
8	38	WT_S288C_04_08_38		1
8	39	YGR222W_S288C_04_08_39		1
8	40	YFR045W_S288C_04_08_40		1
8	41	WT_S288C_04_08_41		1
8	42	WT_S288C_04_08_42		1
8	43	YGR229C_S288C_04_08_43		1
8	44	YGL033W_S288C_04_08_44		1
8	45	WT_S288C_04_08_45		1
8	46	WT_S288C_04_08_46		1
8	47	YBL025W_S288C_04_08_47		1
8	48	YGL045W_S288C_04_08_48		1
9	1	YDR179W-A_S288C_04_09_01		1
9	2	PBY541_Y8205_04_09_02		2
9	3	PBY717_Y8205_04_09_03		2
9	4	PBY283_Y8205_04_09_04		2
9	5	YDR315C_S288C_04_09_05		1
9	6	PBY784_Y8205_04_09_06		2
9	7	PBY138_Y8205_04_09_07		2
9	8	PBY806_Y8205_04_09_08		2
9	9	YDR433W_S288C_04_09_09		1
9	10	PBY500_Y8205_04_09_10		2
9	11	PBY306_Y8205_04_09_11		2
9	12	PBY253_Y8205_04_09_12		2
9	13	YDR448W_S288C_04_09_13		1
9	14	PBY139_Y8205_04_09_14		2
9	15	PBY870_Y8205_04_09_15		2
9	16	PBY395_Y8205_04_09_16		2
9	17	PBY5_Y8205_04_09_17		2
9	18	PBY506_Y8205_04_09_18		2
9	19	PBY708_Y8205_04_09_19		2
9	20	PBY718_Y8205_04_09_20		2
9	21	YDR485C_S288C_04_09_21		1
9	22	PBY536_Y8205_04_09_22		2
9	23	PBY675_Y8205_04_09_23		2
9	24	PBY459_Y8205_04_09_24		2
9	25	YDR501W_S288C_04_09_25		1
9	26	PBY716_Y8205_04_09_26		2
9	27	PBY183_Y8205_04_09_27		2
9	28	PBY565_Y8205_04_09_28		2
9	29	YDR518W_S288C_04_09_29		1
9	30	PBY92_Y8205_04_09_30		2
9	31	PBY754_Y8205_04_09_31		2
9	32	PBY794_Y8205_04_09_32		2
9	33	YEL022W_S288C_04_09_33		1
9	34	PBY76_Y8205_04_09_34		2
9	35	PBY227_Y8205_04_09_35		2
9	36	PBY246_Y8205_04_09_36		2
9	37	YER015W_S288C_04_09_37		1
9	38	PBY704_Y8205_04_09_38		2
9	39	PBY658_Y8205_04_09_39		2
9	40	PBY155_Y8205_04_09_40		2
9	41	PBY5_Y8205_04_09_41		2
9	42	PBY450_Y8205_04_09_42		2
9	43	PBY191_Y8205_04_09_43		2
9	44	PBY699_Y8205_04_09_44		2
9	45	YER026C_S288C_04_09_45		1
9	46	PBY217_Y8205_04_09_46		2
9	47	PBY205_Y8205_04_09_47		2
9	48	PBY203_Y8205_04_09_48		2
10	1	YGL160W_S288C_04_10_01		1
10	2	YBL093C_S288C_04_10_02		1
10	3	YJR055W_S288C_04_10_03		1
10	4	WT_S288C_04_10_04		1
10	5	YGL161C_S288C_04_10_05		1
10	6	YBL002W_S288C_04_10_06		1
10	7	YJR066W_S288C_04_10_07		1
10	8	YCR075W-A_S288C_04_10_08		1
10	9	YGL162W_S288C_04_10_09		1
10	10	YPR131C_S288C_04_10_10		1
10	11	YIL102C_S288C_04_10_11		1
10	12	YDL085C-A_S288C_04_10_12		1
10	13	YGL163C_S288C_04_10_13		1
10	14	YJL140W_S288C_04_10_14		1
10	15	YIL111W_S288C_04_10_15		1
10	16	YDL159W-A_S288C_04_10_16		1
10	17	YGL164C_S288C_04_10_17		1
10	18	YBR112C_S288C_04_10_18		1
10	19	YIL122W_S288C_04_10_19		1
10	20	YDL160C-A_S288C_04_10_20		1
10	21	YGL165C_S288C_04_10_21		1
10	22	YKR085C_S288C_04_10_22		1
10	23	YIL131C_S288C_04_10_23		1
10	24	YDR003W-A_S288C_04_10_24		1
10	25	YGL166W_S288C_04_10_25		1
10	26	YGR162W_S288C_04_10_26		1
10	27	YIL136W_S288C_04_10_27		1
10	28	WT_S288C_04_10_28		1
10	29	YGL167C_S288C_04_10_29		1
10	30	YGR272C_S288C_04_10_30		1
10	31	YIL158W_S288C_04_10_31		1
10	32	YDR034W-B_S288C_04_10_32		1
10	33	YGL168W_S288C_04_10_33		1
10	34	YDR500C_S288C_04_10_34		1
10	35	YIR004W_S288C_04_10_35		1
10	36	YDR079C-A_S288C_04_10_36		1
10	37	YGL170C_S288C_04_10_37		1
10	38	YDR512C_S288C_04_10_38		1
10	39	YIL056W_S288C_04_10_39		1
10	40	YDR169C-A_S288C_04_10_40		1
10	41	YGL173C_S288C_04_10_41		1
10	42	YGR252W_S288C_04_10_42		1
10	43	YIL085C_S288C_04_10_43		1
10	44	YDR182W-A_S288C_04_10_44		1
10	45	YGL174W_S288C_04_10_45		1
10	46	YGR255C_S288C_04_10_46		1
10	47	YIL094C_S288C_04_10_47		1
10	48	YDR194W-A_S288C_04_10_48		1
11	1	PBY5_Y8205_04_11_01		2
11	2	PBY544_Y8205_04_11_02		2
11	3	PBY689_Y8205_04_11_03		2
11	4	PBY350_Y8205_04_11_04		2
11	5	PBY692_Y8205_04_11_05		2
11	6	PBY738_Y8205_04_11_06		2
11	7	PBY135_Y8205_04_11_07		2
11	8	PBY281_Y8205_04_11_08		2
11	9	PBY160_Y8205_04_11_09		2
11	10	PBY343_Y8205_04_11_10		2
11	11	PBY5_Y8205_04_11_11		2
11	12	PBY81_Y8205_04_11_12		2
11	13	PBY890_Y8205_04_11_13		2
11	14	PBY152_Y8205_04_11_14		2
11	15	PBY154_Y8205_04_11_15		2
11	16	PBY495_Y8205_04_11_16		2
11	17	PBY577_Y8205_04_11_17		2
11	18	PBY728_Y8205_04_11_18		2
11	19	PBY90_Y8205_04_11_19		2
11	20	PBY645_Y8205_04_11_20		2
11	21	PBY822_Y8205_04_11_21		2
11	22	PBY663_Y8205_04_11_22		2
11	23	PBY94_Y8205_04_11_23		2
11	24	PBY47_Y8205_04_11_24		2
11	25	PBY375_Y8205_04_11_25		2
11	26	PBY298_Y8205_04_11_26		2
11	27	PBY50_Y8205_04_11_27		2
11	28	PBY423_Y8205_04_11_28		2
11	29	PBY110_Y8205_04_11_29		2
11	30	PBY620_Y8205_04_11_30		2
11	31	PBY531_Y8205_04_11_31		2
11	32	PBY409_Y8205_04_11_32		2
11	33	PBY421_Y8205_04_11_33		2
11	34	PBY9_Y8205_04_11_34		2
11	35	PBY181_Y8205_04_11_35		2
11	36	PBY192_Y8205_04_11_36		2
11	37	PBY78_Y8205_04_11_37		2
11	38	PBY389_Y8205_04_11_38		2
11	39	PBY300_Y8205_04_11_39		2
11	40	PBY348_Y8205_04_11_40		2
11	41	PBY197_Y8205_04_11_41		2
11	42	PBY162_Y8205_04_11_42		2
11	43	PBY860_Y8205_04_11_43		2
11	44	PBY793_Y8205_04_11_44		2
11	45	PBY254_Y8205_04_11_45		2
11	46	PBY571_Y8205_04_11_46		2
11	47	PBY650_Y8205_04_11_47		2
11	48	PBY85_Y8205_04_11_48		2
12	1	WT_S288C_04_12_01		1
12	2	WT_S288C_04_12_02		1
12	3	YBL033C_S288C_04_12_03		1
12	4	YGL186C_S288C_04_12_04		1
12	5	WT_S288C_04_12_05		1
12	6	WT_S288C_04_12_06		1
12	7	YGL020C_S288C_04_12_07		1
12	8	WT_S288C_04_12_08		1
12	9	WT_S288C_04_12_09		1
12	10	WT_S288C_04_12_10		1
12	11	WT_S288C_04_12_11		1
12	12	YGR225W_S288C_04_12_12		1
12	13	WT_S288C_04_12_13		1
12	14	WT_S288C_04_12_14		1
12	15	WT_S288C_04_12_15		1
12	16	WT_S288C_04_12_16		1
12	17	WT_S288C_04_12_17		1
12	18	WT_S288C_04_12_18		1
12	19	YGL095C_S288C_04_12_19		1
12	20	WT_S288C_04_12_20		1
12	21	WT_S288C_04_12_21		1
12	22	WT_S288C_04_12_22		1
12	23	YGL088W_S288C_04_12_23		1
12	24	WT_S288C_04_12_24		1
12	25	WT_S288C_04_12_25		1
12	26	WT_S288C_04_12_26		1
12	27	YNL153C_S288C_04_12_27		1
12	28	WT_S288C_04_12_28		1
12	29	WT_S288C_04_12_29		1
12	30	WT_S288C_04_12_30		1
12	31	YNL225C_S288C_04_12_31		1
12	32	YJL012C_S288C_04_12_32		1
12	33	WT_S288C_04_12_33		1
12	34	WT_S288C_04_12_34		1
12	35	YKR006C_S288C_04_12_35		1
12	36	YJL016W_S288C_04_12_36		1
12	37	WT_S288C_04_12_37		1
12	38	WT_S288C_04_12_38		1
12	39	YDR245W_S288C_04_12_39		1
12	40	WT_S288C_04_12_40		1
12	41	WT_S288C_04_12_41		1
12	42	WT_S288C_04_12_42		1
12	43	YDR268W_S288C_04_12_43		1
12	44	YJL020C_S288C_04_12_44		1
12	45	WT_S288C_04_12_45		1
12	46	WT_S288C_04_12_46		1
12	47	YDR283C_S288C_04_12_47		1
12	48	YJL088W_S288C_04_12_48		1
13	1	YER076C_S288C_04_13_01		1
13	2	PBY357_Y8205_04_13_02		2
13	3	PBY108_Y8205_04_13_03		2
13	4	PBY115_Y8205_04_13_04		2
13	5	YFL010W-A_S288C_04_13_05		1
13	6	PBY789_Y8205_04_13_06		2
13	7	PBY892_Y8205_04_13_07		2
13	8	PBY354_Y8205_04_13_08		2
13	9	PBY5_Y8205_04_13_09		2
13	10	PBY373_Y8205_04_13_10		2
13	11	PBY817_Y8205_04_13_11		2
13	12	PBY617_Y8205_04_13_12		2
13	13	YFR038W_S288C_04_13_13		1
13	14	PBY721_Y8205_04_13_14		2
13	15	PBY239_Y8205_04_13_15		2
13	16	PBY39_Y8205_04_13_16		2
13	17	YGL023C_S288C_04_13_17		1
13	18	PBY854_Y8205_04_13_18		2
13	19	PBY5_Y8205_04_13_19		2
13	20	PBY567_Y8205_04_13_20		2
13	21	YGL032C_S288C_04_13_21		1
13	22	PBY529_Y8205_04_13_22		2
13	23	PBY405_Y8205_04_13_23		2
13	24	PBY325_Y8205_04_13_24		2
13	25	YGL081W_S288C_04_13_25		1
13	26	PBY677_Y8205_04_13_26		2
13	27	PBY415_Y8205_04_13_27		2
13	28	PBY570_Y8205_04_13_28		2
13	29	PBY5_Y8205_04_13_29		2
13	30	PBY690_Y8205_04_13_30		2
13	31	PBY5_Y8205_04_13_31		2
13	32	PBY340_Y8205_04_13_32		2
13	33	YGL101W_S288C_04_13_33		1
13	34	PBY49_Y8205_04_13_34		2
13	35	PBY586_Y8205_04_13_35		2
13	36	PBY600_Y8205_04_13_36		2
13	37	YGL104C_S288C_04_13_37		1
13	38	PBY238_Y8205_04_13_38		2
13	39	PBY374_Y8205_04_13_39		2
13	40	PBY646_Y8205_04_13_40		2
13	41	YGL202W_S288C_04_13_41		1
13	42	PBY574_Y8205_04_13_42		2
13	43	PBY93_Y8205_04_13_43		2
13	44	PBY751_Y8205_04_13_44		2
13	45	YGL211W_S288C_04_13_45		1
13	46	PBY420_Y8205_04_13_46		2
13	47	PBY441_Y8205_04_13_47		2
13	48	PBY514_Y8205_04_13_48		2
14	1	YGL175C_S288C_04_14_01		1
14	2	YNL059C_S288C_04_14_02		1
14	3	YDL047W_S288C_04_14_03		1
14	4	YDR246W-A_S288C_04_14_04		1
14	5	YGL176C_S288C_04_14_05		1
14	6	YNL069C_S288C_04_14_06		1
14	7	YDL067C_S288C_04_14_07		1
14	8	WT_S288C_04_14_08		1
14	9	YGL177W_S288C_04_14_09		1
14	10	YNL147W_S288C_04_14_10		1
14	11	YDL074C_S288C_04_14_11		1
14	12	YDR322C-A_S288C_04_14_12		1
14	13	YGL179C_S288C_04_14_13		1
14	14	YNL220W_S288C_04_14_14		1
14	15	YDL075W_S288C_04_14_15		1
14	16	YDR379C-A_S288C_04_14_16		1
14	17	YGL180W_S288C_04_14_17		1
14	18	YNL284C_S288C_04_14_18		1
14	19	YDR477W_S288C_04_14_19		1
14	20	YDR524C-B_S288C_04_14_20		1
14	21	YGL181W_S288C_04_14_21		1
14	22	YNL315C_S288C_04_14_22		1
14	23	YDR483W_S288C_04_14_23		1
14	24	YDR524W-A_S288C_04_14_24		1
14	25	YER101C_S288C_04_14_25		1
14	26	YPL183W_S288C_04_14_26		1
14	27	YDR521W_S288C_04_14_27		1
14	28	WT_S288C_04_14_28		1
14	29	YER103W_S288C_04_14_29		1
14	30	YOR147W_S288C_04_14_30		1
14	31	YDR523C_S288C_04_14_31		1
14	32	YEL059C-A_S288C_04_14_32		1
14	33	YER106W_S288C_04_14_33		1
14	34	YNL292W_S288C_04_14_34		1
14	35	YLR006C_S288C_04_14_35		1
14	36	YER053C-A_S288C_04_14_36		1
14	37	YER108C_S288C_04_14_37		1
14	38	YMR263W_S288C_04_14_38		1
14	39	YML010W-A_S288C_04_14_39		1
14	40	WT_S288C_04_14_40		1
14	41	YER109C_S288C_04_14_41		1
14	42	YNL307C_S288C_04_14_42		1
14	43	YMR038C_S288C_04_14_43		1
14	44	WT_S288C_04_14_44		1
14	45	YER110C_S288C_04_14_45		1
14	46	YNL277W_S288C_04_14_46		1
14	47	YOR364W_S288C_04_14_47		1
14	48	YER087C-B_S288C_04_14_48		1
15	1	PBY207_Y8205_04_15_01		2
15	2	PBY225_Y8205_04_15_02		2
15	3	PBY800_Y8205_04_15_03		2
15	4	PBY477_Y8205_04_15_04		2
15	5	WT_S288C_04_15_05		1
15	6	PBY680_Y8205_04_15_06		2
15	7	PBY175_Y8205_04_15_07		2
15	8	PBY641_Y8205_04_15_08		2
15	9	PBY334_Y8205_04_15_09		2
15	10	PBY871_Y8205_04_15_10		2
15	11	PBY102_Y8205_04_15_11		2
15	12	PBY850_Y8205_04_15_12		2
15	13	PBY63_Y8205_04_15_13		2
15	14	PBY607_Y8205_04_15_14		2
15	15	PBY671_Y8205_04_15_15		2
15	16	PBY394_Y8205_04_15_16		2
15	17	PBY455_Y8205_04_15_17		2
15	18	PBY525_Y8205_04_15_18		2
15	19	PBY7_Y8205_04_15_19		2
15	20	PBY668_Y8205_04_15_20		2
15	21	PBY100_Y8205_04_15_21		2
15	22	PBY832_Y8205_04_15_22		2
15	23	PBY57_Y8205_04_15_23		2
15	24	PBY5_Y8205_04_15_24		2
15	25	PBY243_Y8205_04_15_25		2
15	26	PBY486_Y8205_04_15_26		2
15	27	PBY211_Y8205_04_15_27		2
15	28	PBY361_Y8205_04_15_28		2
15	29	PBY552_Y8205_04_15_29		2
15	30	PBY664_Y8205_04_15_30		2
15	31	PBY107_Y8205_04_15_31		2
15	32	PBY5_Y8205_04_15_32		2
15	33	PBY267_Y8205_04_15_33		2
15	34	PBY153_Y8205_04_15_34		2
15	35	PBY436_Y8205_04_15_35		2
15	36	PBY644_Y8205_04_15_36		2
15	37	PBY569_Y8205_04_15_37		2
15	38	PBY66_Y8205_04_15_38		2
15	39	PBY665_Y8205_04_15_39		2
15	40	PBY557_Y8205_04_15_40		2
15	41	PBY802_Y8205_04_15_41		2
15	42	PBY852_Y8205_04_15_42		2
15	43	PBY72_Y8205_04_15_43		2
15	44	PBY45_Y8205_04_15_44		2
15	45	PBY842_Y8205_04_15_45		2
15	46	PBY757_Y8205_04_15_46		2
15	47	PBY328_Y8205_04_15_47		2
15	48	PBY127_Y8205_04_15_48		2
16	1	WT_S288C_04_16_01		1
16	2	WT_S288C_04_16_02		1
16	3	YDR296W_S288C_04_16_03		1
16	4	YJL096W_S288C_04_16_04		1
16	5	WT_S288C_04_16_05		1
16	6	WT_S288C_04_16_06		1
16	7	YDR300C_S288C_04_16_07		1
16	8	YJL160C_S288C_04_16_08		1
16	9	WT_S288C_04_16_09		1
16	10	WT_S288C_04_16_10		1
16	11	YIL018W_S288C_04_16_11		1
16	12	YJR060W_S288C_04_16_12		1
16	13	WT_S288C_04_16_13		1
16	14	WT_S288C_04_16_14		1
16	15	YIL066C_S288C_04_16_15		1
16	16	YJR085C_S288C_04_16_16		1
16	17	WT_S288C_04_16_17		1
16	18	WT_S288C_04_16_18		1
16	19	YFL018C_S288C_04_16_19		1
16	20	YJR086W_S288C_04_16_20		1
16	21	WT_S288C_04_16_21		1
16	22	WT_S288C_04_16_22		1
16	23	YGR262C_S288C_04_16_23		1
16	24	WT_S288C_04_16_24		1
16	25	WT_S288C_04_16_25		1
16	26	WT_S288C_04_16_26		1
16	27	YMR064W_S288C_04_16_27		1
16	28	YJR101W_S288C_04_16_28		1
16	29	WT_S288C_04_16_29		1
16	30	WT_S288C_04_16_30		1
16	31	YMR066W_S288C_04_16_31		1
16	32	YJR112W-A_S288C_04_16_32		1
16	33	WT_S288C_04_16_33		1
16	34	WT_S288C_04_16_34		1
16	35	YML110C_S288C_04_16_35		1
16	36	YJR114W_S288C_04_16_36		1
16	37	WT_S288C_04_16_37		1
16	38	WT_S288C_04_16_38		1
16	39	YML111W_S288C_04_16_39		1
16	40	YJR143C_S288C_04_16_40		1
16	41	WT_S288C_04_16_41		1
16	42	WT_S288C_04_16_42		1
16	43	YML112W_S288C_04_16_43		1
16	44	YJR151C_S288C_04_16_44		1
16	45	WT_S288C_04_16_45		1
16	46	WT_S288C_04_16_46		1
16	47	YML129C_S288C_04_16_47		1
16	48	YKL002W_S288C_04_16_48		1
17	1	YGL224C_S288C_04_17_01		1
17	2	PBY134_Y8205_04_17_02		2
17	3	PBY810_Y8205_04_17_03		2
17	4	PBY730_Y8205_04_17_04		2
17	5	YGL237C_S288C_04_17_05		1
17	6	PBY5_Y8205_04_17_06		2
17	7	PBY575_Y8205_04_17_07		2
17	8	PBY201_Y8205_04_17_08		2
17	9	YGR037C_S288C_04_17_09		1
17	10	PBY232_Y8205_04_17_10		2
17	11	PBY5_Y8205_04_17_11		2
17	12	PBY767_Y8205_04_17_12		2
17	13	YGR062C_S288C_04_17_13		1
17	14	PBY545_Y8205_04_17_14		2
17	15	PBY255_Y8205_04_17_15		2
17	16	PBY229_Y8205_04_17_16		2
17	17	PBY5_Y8205_04_17_17		2
17	18	PBY830_Y8205_04_17_18		2
17	19	PBY165_Y8205_04_17_19		2
17	20	PBY141_Y8205_04_17_20		2
17	21	YGR161W-C_S288C_04_17_21		1
17	22	PBY270_Y8205_04_17_22		2
17	23	PBY111_Y8205_04_17_23		2
17	24	PBY813_Y8205_04_17_24		2
17	25	YGR244C_S288C_04_17_25		1
17	26	PBY290_Y8205_04_17_26		2
17	27	PBY130_Y8205_04_17_27		2
17	28	PBY858_Y8205_04_17_28		2
17	29	PBY5_Y8205_04_17_29		2
17	30	PBY113_Y8205_04_17_30		2
17	31	PBY64_Y8205_04_17_31		2
17	32	PBY427_Y8205_04_17_32		2
17	33	PBY5_Y8205_04_17_33		2
17	34	PBY744_Y8205_04_17_34		2
17	35	PBY5_Y8205_04_17_35		2
17	36	PBY116_Y8205_04_17_36		2
17	37	YHL001W_S288C_04_17_37		1
17	38	PBY469_Y8205_04_17_38		2
17	39	PBY768_Y8205_04_17_39		2
17	40	PBY266_Y8205_04_17_40		2
17	41	YHL004W_S288C_04_17_41		1
17	42	PBY164_Y8205_04_17_42		2
17	43	PBY479_Y8205_04_17_43		2
17	44	PBY827_Y8205_04_17_44		2
17	45	PBY5_Y8205_04_17_45		2
17	46	PBY233_Y8205_04_17_46		2
17	47	PBY259_Y8205_04_17_47		2
17	48	PBY740_Y8205_04_17_48		2
18	1	WT_S288C_04_18_01		1
18	2	WT_S288C_04_18_02		1
18	3	YBR173C_S288C_04_18_03		1
18	4	YER175W-A_S288C_04_18_04		1
18	5	YER111C_S288C_04_18_05		1
18	6	WT_S288C_04_18_06		1
18	7	WT_S288C_04_18_07		1
18	8	YER180C-A_S288C_04_18_08		1
18	9	YER113C_S288C_04_18_09		1
18	10	WT_S288C_04_18_10		1
18	11	YER014W_S288C_04_18_11		1
18	12	WT_S288C_04_18_12		1
18	13	YER114C_S288C_04_18_13		1
18	14	WT_S288C_04_18_14		1
18	15	YER016W_S288C_04_18_15		1
18	16	YFL041W-A_S288C_04_18_16		1
18	17	YER115C_S288C_04_18_17		1
18	18	WT_S288C_04_18_18		1
18	19	YER028C_S288C_04_18_19		1
18	20	YFR012W-A_S288C_04_18_20		1
18	21	YER116C_S288C_04_18_21		1
18	22	WT_S288C_04_18_22		1
18	23	YER044C_S288C_04_18_23		1
18	24	YFR032C-B_S288C_04_18_24		1
18	25	YER117W_S288C_04_18_25		1
18	26	WT_S288C_04_18_26		1
18	27	YER055C_S288C_04_18_27		1
18	28	YGL006W-A_S288C_04_18_28		1
18	29	YER118C_S288C_04_18_29		1
18	30	WT_S288C_04_18_30		1
18	31	YHR028C_S288C_04_18_31		1
18	32	YGL007C-A_S288C_04_18_32		1
18	33	YER119C_S288C_04_18_33		1
18	34	WT_S288C_04_18_34		1
18	35	YHR033W_S288C_04_18_35		1
18	36	YGL041C-B_S288C_04_18_36		1
18	37	YER119C-A_S288C_04_18_37		1
18	38	WT_S288C_04_18_38		1
18	39	YCL006C_S288C_04_18_39		1
18	40	WT_S288C_04_18_40		1
18	41	YER120W_S288C_04_18_41		1
18	42	WT_S288C_04_18_42		1
18	43	YCL038C_S288C_04_18_43		1
18	44	WT_S288C_04_18_44		1
18	45	YER121W_S288C_04_18_45		1
18	46	WT_S288C_04_18_46		1
18	47	YAL024C_S288C_04_18_47		1
18	48	YGR035W-A_S288C_04_18_48		1
19	1	PBY451_Y8205_04_19_01		2
19	2	PBY53_Y8205_04_19_02		2
19	3	PBY562_Y8205_04_19_03		2
19	4	PBY258_Y8205_04_19_04		2
19	5	PBY52_Y8205_04_19_05		2
19	6	PBY408_Y8205_04_19_06		2
19	7	PBY392_Y8205_04_19_07		2
19	8	PBY448_Y8205_04_19_08		2
19	9	PBY876_Y8205_04_19_09		2
19	10	PBY764_Y8205_04_19_10		2
19	11	PBY337_Y8205_04_19_11		2
19	12	PBY314_Y8205_04_19_12		2
19	13	PBY473_Y8205_04_19_13		2
19	14	PBY897_Y8205_04_19_14		2
19	15	PBY372_Y8205_04_19_15		2
19	16	PBY193_Y8205_04_19_16		2
19	17	PBY457_Y8205_04_19_17		2
19	18	PBY80_Y8205_04_19_18		2
19	19	PBY861_Y8205_04_19_19		2
19	20	PBY709_Y8205_04_19_20		2
19	21	PBY219_Y8205_04_19_21		2
19	22	PBY566_Y8205_04_19_22		2
19	23	PBY693_Y8205_04_19_23		2
19	24	PBY74_Y8205_04_19_24		2
19	25	PBY151_Y8205_04_19_25		2
19	26	PBY723_Y8205_04_19_26		2
19	27	PBY878_Y8205_04_19_27		2
19	28	PBY146_Y8205_04_19_28		2
19	29	PBY695_Y8205_04_19_29		2
19	30	PBY734_Y8205_04_19_30		2
19	31	PBY82_Y8205_04_19_31		2
19	32	PBY330_Y8205_04_19_32		2
19	33	PBY618_Y8205_04_19_33		2
19	34	PBY488_Y8205_04_19_34		2
19	35	PBY524_Y8205_04_19_35		2
19	36	PBY725_Y8205_04_19_36		2
19	37	PBY172_Y8205_04_19_37		2
19	38	PBY5_Y8205_04_19_38		2
19	39	PBY316_Y8205_04_19_39		2
19	40	PBY83_Y8205_04_19_40		2
19	41	PBY440_Y8205_04_19_41		2
19	42	PBY5_Y8205_04_19_42		2
19	43	PBY868_Y8205_04_19_43		2
19	44	PBY187_Y8205_04_19_44		2
19	45	PBY321_Y8205_04_19_45		2
19	46	PBY378_Y8205_04_19_46		2
19	47	PBY603_Y8205_04_19_47		2
19	48	PBY268_Y8205_04_19_48		2
20	1	WT_S288C_04_20_01		1
20	2	WT_S288C_04_20_02		1
20	3	YMR097C_S288C_04_20_03		1
20	4	YKL033W-A_S288C_04_20_04		1
20	5	WT_S288C_04_20_05		1
20	6	WT_S288C_04_20_06		1
20	7	YMR098C_S288C_04_20_07		1
20	8	WT_S288C_04_20_08		1
20	9	WT_S288C_04_20_09		1
20	10	WT_S288C_04_20_10		1
20	11	WT_S288C_04_20_11		1
20	12	YKL157W_S288C_04_20_12		1
20	13	WT_S288C_04_20_13		1
20	14	WT_S288C_04_20_14		1
20	15	YAL016W_S288C_04_20_15		1
20	16	YKL198C_S288C_04_20_16		1
20	17	WT_S288C_04_20_17		1
20	18	WT_S288C_04_20_18		1
20	19	YGL218W_S288C_04_20_19		1
20	20	YKL201C_S288C_04_20_20		1
20	21	WT_S288C_04_20_21		1
20	22	WT_S288C_04_20_22		1
20	23	YJR090C_S288C_04_20_23		1
20	24	WT_S288C_04_20_24		1
20	25	WT_S288C_04_20_25		1
20	26	WT_S288C_04_20_26		1
20	27	YLR286C_S288C_04_20_27		1
20	28	YKR054C_S288C_04_20_28		1
20	29	WT_S288C_04_20_29		1
20	30	WT_S288C_04_20_30		1
20	31	YDL202W_S288C_04_20_31		1
20	32	YKR100C_S288C_04_20_32		1
20	33	WT_S288C_04_20_33		1
20	34	WT_S288C_04_20_34		1
20	35	YBR279W_S288C_04_20_35		1
20	36	YLR054C_S288C_04_20_36		1
20	37	WT_S288C_04_20_37		1
20	38	WT_S288C_04_20_38		1
20	39	YCR044C_S288C_04_20_39		1
20	40	YLR194C_S288C_04_20_40		1
20	41	WT_S288C_04_20_41		1
20	42	WT_S288C_04_20_42		1
20	43	YCR063W_S288C_04_20_43		1
20	44	YLR211C_S288C_04_20_44		1
20	45	WT_S288C_04_20_45		1
20	46	WT_S288C_04_20_46		1
20	47	YJL003W_S288C_04_20_47		1
20	48	WT_S288C_04_20_48		1
21	1	YHR063C_S288C_04_21_01		1
21	2	PBY5_Y8205_04_21_02		2
21	3	PBY661_Y8205_04_21_03		2
21	4	PBY174_Y8205_04_21_04		2
21	5	YHR071W_S288C_04_21_05		1
21	6	PBY666_Y8205_04_21_06		2
21	7	PBY622_Y8205_04_21_07		2
21	8	PBY805_Y8205_04_21_08		2
21	9	PBY5_Y8205_04_21_09		2
21	10	PBY657_Y8205_04_21_10		2
21	11	PBY216_Y8205_04_21_11		2
21	12	PBY71_Y8205_04_21_12		2
21	13	PBY5_Y8205_04_21_13		2
21	14	PBY437_Y8205_04_21_14		2
21	15	PBY339_Y8205_04_21_15		2
21	16	PBY496_Y8205_04_21_16		2
21	17	YHR090C_S288C_04_21_17		1
21	18	PBY5_Y8205_04_21_18		2
21	19	PBY291_Y8205_04_21_19		2
21	20	PBY359_Y8205_04_21_20		2
21	21	YHR098C_S288C_04_21_21		1
21	22	PBY783_Y8205_04_21_22		2
21	23	PBY318_Y8205_04_21_23		2
21	24	PBY595_Y8205_04_21_24		2
21	25	PBY5_Y8205_04_21_25		2
21	26	PBY385_Y8205_04_21_26		2
21	27	PBY200_Y8205_04_21_27		2
21	28	PBY615_Y8205_04_21_28		2
21	29	PBY5_Y8205_04_21_29		2
21	30	PBY323_Y8205_04_21_30		2
21	31	PBY252_Y8205_04_21_31		2
21	32	PBY367_Y8205_04_21_32		2
21	33	YHR141C_S288C_04_21_33		1
21	34	PBY5_Y8205_04_21_34		2
21	35	PBY453_Y8205_04_21_35		2
21	36	PBY406_Y8205_04_21_36		2
21	37	PBY5_Y8205_04_21_37		2
21	38	PBY475_Y8205_04_21_38		2
21	39	PBY320_Y8205_04_21_39		2
21	40	PBY86_Y8205_04_21_40		2
21	41	YHR149C_S288C_04_21_41		1
21	42	PBY5_Y8205_04_21_42		2
21	43	PBY726_Y8205_04_21_43		2
21	44	PBY5_Y8205_04_21_44		2
21	45	YHR187W_S288C_04_21_45		1
21	46	PBY352_Y8205_04_21_46		2
21	47	PBY844_Y8205_04_21_47		2
21	48	PBY831_Y8205_04_21_48		2
22	1	YER123W_S288C_04_22_01		1
22	2	WT_S288C_04_22_02		1
22	3	YBR299W_S288C_04_22_03		1
22	4	YGR121W-A_S288C_04_22_04		1
22	5	YER124C_S288C_04_22_05		1
22	6	WT_S288C_04_22_06		1
22	7	YCR107W_S288C_04_22_07		1
22	8	YGR146C-A_S288C_04_22_08		1
22	9	YER128W_S288C_04_22_09		1
22	10	WT_S288C_04_22_10		1
22	11	YDR242W_S288C_04_22_11		1
22	12	YGR169C-A_S288C_04_22_12		1
22	13	YER129W_S288C_04_22_13		1
22	14	WT_S288C_04_22_14		1
22	15	YDR326C_S288C_04_22_15		1
22	16	YGR174W-A_S288C_04_22_16		1
22	17	YER130C_S288C_04_22_17		1
22	18	WT_S288C_04_22_18		1
22	19	YDR417C_S288C_04_22_19		1
22	20	YGR204C-A_S288C_04_22_20		1
22	21	YER131W_S288C_04_22_21		1
22	22	WT_S288C_04_22_22		1
22	23	YDR444W_S288C_04_22_23		1
22	24	WT_S288C_04_22_24		1
22	25	YER132C_S288C_04_22_25		1
22	26	WT_S288C_04_22_26		1
22	27	YDR461W_S288C_04_22_27		1
22	28	YGR271C-A_S288C_04_22_28		1
22	29	YER134C_S288C_04_22_29		1
22	30	WT_S288C_04_22_30		1
22	31	YDR493W_S288C_04_22_31		1
22	32	YHL015W-A_S288C_04_22_32		1
22	33	YER135C_S288C_04_22_33		1
22	34	WT_S288C_04_22_34		1
22	35	YDR502C_S288C_04_22_35		1
22	36	YHR007C-A_S288C_04_22_36		1
22	37	YER137C_S288C_04_22_37		1
22	38	WT_S288C_04_22_38		1
22	39	YDR506C_S288C_04_22_39		1
22	40	YHR022C-A_S288C_04_22_40		1
22	41	YER139C_S288C_04_22_41		1
22	42	WT_S288C_04_22_42		1
22	43	YDR515W_S288C_04_22_43		1
22	44	YHR050W-A_S288C_04_22_44		1
22	45	YER140W_S288C_04_22_45		1
22	46	WT_S288C_04_22_46		1
22	47	YER089C_S288C_04_22_47		1
22	48	WT_S288C_04_22_48		1
23	1	PBY874_Y8205_04_23_01		2
23	2	PBY839_Y8205_04_23_02		2
23	3	PBY273_Y8205_04_23_03		2
23	4	PBY244_Y8205_04_23_04		2
23	5	PBY345_Y8205_04_23_05		2
23	6	PBY145_Y8205_04_23_06		2
23	7	PBY390_Y8205_04_23_07		2
23	8	PBY295_Y8205_04_23_08		2
23	9	PBY779_Y8205_04_23_09		2
23	10	PBY170_Y8205_04_23_10		2
23	11	PBY762_Y8205_04_23_11		2
23	12	PBY410_Y8205_04_23_12		2
23	13	PBY679_Y8205_04_23_13		2
23	14	PBY498_Y8205_04_23_14		2
23	15	PBY791_Y8205_04_23_15		2
23	16	PBY293_Y8205_04_23_16		2
23	17	PBY431_Y8205_04_23_17		2
23	18	PBY41_Y8205_04_23_18		2
23	19	PBY77_Y8205_04_23_19		2
23	20	PBY336_Y8205_04_23_20		2
23	21	PBY206_Y8205_04_23_21		2
23	22	PBY215_Y8205_04_23_22		2
23	23	PBY118_Y8205_04_23_23		2
23	24	PBY573_Y8205_04_23_24		2
23	25	PBY773_Y8205_04_23_25		2
23	26	PBY159_Y8205_04_23_26		2
23	27	PBY95_Y8205_04_23_27		2
23	28	PBY724_Y8205_04_23_28		2
23	29	PBY697_Y8205_04_23_29		2
23	30	PBY73_Y8205_04_23_30		2
23	31	PBY67_Y8205_04_23_31		2
23	32	PBY296_Y8205_04_23_32		2
23	33	PBY371_Y8205_04_23_33		2
23	34	PBY519_Y8205_04_23_34		2
23	35	PBY899_Y8205_04_23_35		2
23	36	PBY397_Y8205_04_23_36		2
23	37	PBY435_Y8205_04_23_37		2
23	38	PBY223_Y8205_04_23_38		2
23	39	PBY463_Y8205_04_23_39		2
23	40	PBY626_Y8205_04_23_40		2
23	41	PBY411_Y8205_04_23_41		2
23	42	PBY684_Y8205_04_23_42		2
23	43	PBY438_Y8205_04_23_43		2
23	44	PBY882_Y8205_04_23_44		2
23	45	PBY11_Y8205_04_23_45		2
23	46	PBY143_Y8205_04_23_46		2
23	47	PBY256_Y8205_04_23_47		2
23	48	PBY713_Y8205_04_23_48		2
24	1	WT_S288C_04_24_01		1
24	2	WT_S288C_04_24_02		1
24	3	YJL004C_S288C_04_24_03		1
24	4	YLR371W_S288C_04_24_04		1
24	5	WT_S288C_04_24_05		1
24	6	WT_S288C_04_24_06		1
24	7	YJL006C_S288C_04_24_07		1
24	8	WT_S288C_04_24_08		1
24	9	WT_S288C_04_24_09		1
24	10	WT_S288C_04_24_10		1
24	11	YJL012C_S288C_04_24_11		1
24	12	YLR419W_S288C_04_24_12		1
24	13	WT_S288C_04_24_13		1
24	14	WT_S288C_04_24_14		1
24	15	YJL013C_S288C_04_24_15		1
24	16	YLR445W_S288C_04_24_16		1
24	17	WT_S288C_04_24_17		1
24	18	WT_S288C_04_24_18		1
24	19	YJL027C_S288C_04_24_19		1
24	20	YML034W_S288C_04_24_20		1
24	21	WT_S288C_04_24_21		1
24	22	WT_S288C_04_24_22		1
24	23	YJL028W_S288C_04_24_23		1
24	24	YML104C_S288C_04_24_24		1
24	25	WT_S288C_04_24_25		1
24	26	WT_S288C_04_24_26		1
24	27	YJR004C_S288C_04_24_27		1
24	28	YMR143W_S288C_04_24_28		1
24	29	WT_S288C_04_24_29		1
24	30	WT_S288C_04_24_30		1
24	31	YJR032W_S288C_04_24_31		1
24	32	YMR202W_S288C_04_24_32		1
24	33	WT_S288C_04_24_33		1
24	34	WT_S288C_04_24_34		1
24	35	YJR037W_S288C_04_24_35		1
24	36	WT_S288C_04_24_36		1
24	37	WT_S288C_04_24_37		1
24	38	WT_S288C_04_24_38		1
24	39	WT_S288C_04_24_39		1
24	40	YMR269W_S288C_04_24_40		1
24	41	WT_S288C_04_24_41		1
24	42	WT_S288C_04_24_42		1
24	43	YJR047C_S288C_04_24_43		1
24	44	WT_S288C_04_24_44		1
24	45	WT_S288C_04_24_45		1
24	46	WT_S288C_04_24_46		1
24	47	YJR040W_S288C_04_24_47		1
24	48	YNL090W_S288C_04_24_48		1
25	1	PBY5_Y8205_04_25_01		2
25	2	PBY5_Y8205_04_25_02		2
25	3	PBY353_Y8205_04_25_03		2
25	4	PBY747_Y8205_04_25_04		2
25	5	YHR192W_S288C_04_25_05		1
25	6	PBY652_Y8205_04_25_06		2
25	7	PBY418_Y8205_04_25_07		2
25	8	PBY505_Y8205_04_25_08		2
25	9	PBY5_Y8205_04_25_09		2
25	10	PBY811_Y8205_04_25_10		2
25	11	PBY521_Y8205_04_25_11		2
25	12	PBY655_Y8205_04_25_12		2
25	13	YHR205W_S288C_04_25_13		1
25	14	PBY358_Y8205_04_25_14		2
25	15	PBY414_Y8205_04_25_15		2
25	16	PBY360_Y8205_04_25_16		2
25	17	YIL041W_S288C_04_25_17		1
25	18	PBY234_Y8205_04_25_18		2
25	19	PBY136_Y8205_04_25_19		2
25	20	PBY126_Y8205_04_25_20		2
25	21	PBY5_Y8205_04_25_21		2
25	22	PBY65_Y8205_04_25_22		2
25	23	PBY303_Y8205_04_25_23		2
25	24	PBY781_Y8205_04_25_24		2
25	25	YJL059W_S288C_04_25_25		1
25	26	PBY101_Y8205_04_25_26		2
25	27	PBY465_Y8205_04_25_27		2
25	28	PBY705_Y8205_04_25_28		2
25	29	YKL065C_S288C_04_25_29		1
25	30	PBY288_Y8205_04_25_30		2
25	31	PBY292_Y8205_04_25_31		2
25	32	PBY304_Y8205_04_25_32		2
25	33	YKL137W_S288C_04_25_33		1
25	34	PBY458_Y8205_04_25_34		2
25	35	PBY120_Y8205_04_25_35		2
25	36	PBY140_Y8205_04_25_36		2
25	37	YKR091W_S288C_04_25_37		1
25	38	PBY589_Y8205_04_25_38		2
25	39	PBY670_Y8205_04_25_39		2
25	40	PBY147_Y8205_04_25_40		2
25	41	PBY5_Y8205_04_25_41		2
25	42	PBY639_Y8205_04_25_42		2
25	43	PBY660_Y8205_04_25_43		2
25	44	PBY386_Y8205_04_25_44		2
25	45	YLR084C_S288C_04_25_45		1
25	46	PBY38_Y8205_04_25_46		2
25	47	PBY356_Y8205_04_25_47		2
25	48	PBY42_Y8205_04_25_48		2
26	1	YER141W_S288C_04_26_01		1
26	2	WT_S288C_04_26_02		1
26	3	YFL001W_S288C_04_26_03		1
26	4	YHR086W-A_S288C_04_26_04		1
26	5	YER142C_S288C_04_26_05		1
26	6	WT_S288C_04_26_06		1
26	7	YFL003C_S288C_04_26_07		1
26	8	YHR175W-A_S288C_04_26_08		1
26	9	YER143W_S288C_04_26_09		1
26	10	WT_S288C_04_26_10		1
26	11	YFL004W_S288C_04_26_11		1
26	12	YIL002W-A_S288C_04_26_12		1
26	13	YER145C_S288C_04_26_13		1
26	14	WT_S288C_04_26_14		1
26	15	YFL007W_S288C_04_26_15		1
26	16	YIL046W-A_S288C_04_26_16		1
26	17	YER149C_S288C_04_26_17		1
26	18	WT_S288C_04_26_18		1
26	19	YFL010C_S288C_04_26_19		1
26	20	YIL134C-A_S288C_04_26_20		1
26	21	YER150W_S288C_04_26_21		1
26	22	WT_S288C_04_26_22		1
26	23	YFL010W-A_S288C_04_26_23		1
26	24	YIR018C-A_S288C_04_26_24		1
26	25	YER151C_S288C_04_26_25		1
26	26	WT_S288C_04_26_26		1
26	27	YFL012W_S288C_04_26_27		1
26	28	YIR021W-A_S288C_04_26_28		1
26	29	YER152C_S288C_04_26_29		1
26	30	WT_S288C_04_26_30		1
26	31	YFL013C_S288C_04_26_31		1
26	32	YJL012C-A_S288C_04_26_32		1
26	33	YER153C_S288C_04_26_33		1
26	34	WT_S288C_04_26_34		1
26	35	YFL033C_S288C_04_26_35		1
26	36	YJL047C-A_S288C_04_26_36		1
26	37	YER154W_S288C_04_26_37		1
26	38	WT_S288C_04_26_38		1
26	39	YGR122C-A_S288C_04_26_39		1
26	40	YJL062W-A_S288C_04_26_40		1
26	41	YER155C_S288C_04_26_41		1
26	42	WT_S288C_04_26_42		1
26	43	YOL148C_S288C_04_26_43		1
26	44	YJL077W-B_S288C_04_26_44		1
26	45	YER156C_S288C_04_26_45		1
26	46	WT_S288C_04_26_46		1
26	47	YGR254W_S288C_04_26_47		1
26	48	YJL127C-B_S288C_04_26_48		1
27	1	PBY417_Y8205_04_27_01		2
27	2	PBY651_Y8205_04_27_02		2
27	3	PBY454_Y8205_04_27_03		2
27	4	PBY638_Y8205_04_27_04		2
27	5	PBY825_Y8205_04_27_05		2
27	6	PBY834_Y8205_04_27_06		2
27	7	PBY370_Y8205_04_27_07		2
27	8	PBY171_Y8205_04_27_08		2
27	9	PBY786_Y8205_04_27_09		2
27	10	PBY894_Y8205_04_27_10		2
27	11	PBY678_Y8205_04_27_11		2
27	12	PBY736_Y8205_04_27_12		2
27	13	PBY195_Y8205_04_27_13		2
27	14	PBY247_Y8205_04_27_14		2
27	15	PBY737_Y8205_04_27_15		2
27	16	PBY732_Y8205_04_27_16		2
27	17	PBY176_Y8205_04_27_17		2
27	18	PBY59_Y8205_04_27_18		2
27	19	PBY808_Y8205_04_27_19		2
27	20	PBY847_Y8205_04_27_20		2
27	21	PBY403_Y8205_04_27_21		2
27	22	PBY623_Y8205_04_27_22		2
27	23	PBY856_Y8205_04_27_23		2
27	24	PBY157_Y8205_04_27_24		2
27	25	PBY428_Y8205_04_27_25		2
27	26	PBY851_Y8205_04_27_26		2
27	27	PBY167_Y8205_04_27_27		2
27	28	PBY114_Y8205_04_27_28		2
27	29	PBY302_Y8205_04_27_29		2
27	30	PBY105_Y8205_04_27_30		2
27	31	PBY123_Y8205_04_27_31		2
27	32	PBY863_Y8205_04_27_32		2
27	33	PBY715_Y8205_04_27_33		2
27	34	PBY379_Y8205_04_27_34		2
27	35	PBY504_Y8205_04_27_35		2
27	36	PBY759_Y8205_04_27_36		2
27	37	PBY310_Y8205_04_27_37		2
27	38	PBY502_Y8205_04_27_38		2
27	39	PBY426_Y8205_04_27_39		2
27	40	PBY681_Y8205_04_27_40		2
27	41	PBY493_Y8205_04_27_41		2
27	42	PBY796_Y8205_04_27_42		2
27	43	PBY69_Y8205_04_27_43		2
27	44	PBY148_Y8205_04_27_44		2
27	45	PBY221_Y8205_04_27_45		2
27	46	PBY780_Y8205_04_27_46		2
27	47	PBY580_Y8205_04_27_47		2
27	48	PBY484_Y8205_04_27_48		2
28	1	WT_S288C_04_28_01		1
28	2	WT_S288C_04_28_02		1
28	3	YJR038C_S288C_04_28_03		1
28	4	YNL147W_S288C_04_28_04		1
28	5	WT_S288C_04_28_05		1
28	6	WT_S288C_04_28_06		1
28	7	YDL160C_S288C_04_28_07		1
28	8	YNL209W_S288C_04_28_08		1
28	9	WT_S288C_04_28_09		1
28	10	WT_S288C_04_28_10		1
28	11	YDL167C_S288C_04_28_11		1
28	12	YNL280C_S288C_04_28_12		1
28	13	WT_S288C_04_28_13		1
28	14	WT_S288C_04_28_14		1
28	15	YDL185W_S288C_04_28_15		1
28	16	WT_S288C_04_28_16		1
28	17	WT_S288C_04_28_17		1
28	18	WT_S288C_04_28_18		1
28	19	YOR331C_S288C_04_28_19		1
28	20	YNR052C_S288C_04_28_20		1
28	21	WT_S288C_04_28_21		1
28	22	WT_S288C_04_28_22		1
28	23	YNL003C_S288C_04_28_23		1
28	24	YOL048C_S288C_04_28_24		1
28	25	WT_S288C_04_28_25		1
28	26	WT_S288C_04_28_26		1
28	27	YBR078W_S288C_04_28_27		1
28	28	YOL140W_S288C_04_28_28		1
28	29	WT_S288C_04_28_29		1
28	30	WT_S288C_04_28_30		1
28	31	YNL084C_S288C_04_28_31		1
28	32	WT_S288C_04_28_32		1
28	33	WT_S288C_04_28_33		1
28	34	WT_S288C_04_28_34		1
28	35	YIL098C_S288C_04_28_35		1
28	36	YOL145C_S288C_04_28_36		1
28	37	WT_S288C_04_28_37		1
28	38	WT_S288C_04_28_38		1
28	39	YJL184W_S288C_04_28_39		1
28	40	YOL154W_S288C_04_28_40		1
28	41	WT_S288C_04_28_41		1
28	42	WT_S288C_04_28_42		1
28	43	YPL148C_S288C_04_28_43		1
28	44	YOL164W_S288C_04_28_44		1
28	45	WT_S288C_04_28_45		1
28	46	WT_S288C_04_28_46		1
28	47	YPL268W_S288C_04_28_47		1
28	48	YOR026W_S288C_04_28_48		1
29	1	YLR118C_S288C_04_29_01		1
29	2	PBY251_Y8205_04_29_02		2
29	3	PBY610_Y8205_04_29_03		2
29	4	PBY637_Y8205_04_29_04		2
29	5	YLR125W_S288C_04_29_05		1
29	6	PBY613_Y8205_04_29_06		2
29	7	PBY62_Y8205_04_29_07		2
29	8	PBY257_Y8205_04_29_08		2
29	9	PBY5_Y8205_04_29_09		2
29	10	PBY611_Y8205_04_29_10		2
29	11	PBY527_Y8205_04_29_11		2
29	12	PBY129_Y8205_04_29_12		2
29	13	PBY5_Y8205_04_29_13		2
29	14	PBY125_Y8205_04_29_14		2
29	15	PBY564_Y8205_04_29_15		2
29	16	PBY40_Y8205_04_29_16		2
29	17	YLR251W_S288C_04_29_17		1
29	18	PBY819_Y8205_04_29_18		2
29	19	PBY308_Y8205_04_29_19		2
29	20	PBY185_Y8205_04_29_20		2
29	21	PBY5_Y8205_04_29_21		2
29	22	PBY377_Y8205_04_29_22		2
29	23	PBY683_Y8205_04_29_23		2
29	24	PBY51_Y8205_04_29_24		2
29	25	PBY5_Y8205_04_29_25		2
29	26	PBY669_Y8205_04_29_26		2
29	27	PBY131_Y8205_04_29_27		2
29	28	PBY58_Y8205_04_29_28		2
29	29	PBY5_Y8205_04_29_29		2
29	30	PBY491_Y8205_04_29_30		2
29	31	PBY749_Y8205_04_29_31		2
29	32	PBY804_Y8205_04_29_32		2
29	33	PBY5_Y8205_04_29_33		2
29	34	PBY117_Y8205_04_29_34		2
29	35	PBY44_Y8205_04_29_35		2
29	36	PBY769_Y8205_04_29_36		2
29	37	PBY5_Y8205_04_29_37		2
29	38	PBY625_Y8205_04_29_38		2
29	39	PBY507_Y8205_04_29_39		2
29	40	PBY245_Y8205_04_29_40		2
29	41	YLR329W_S288C_04_29_41		1
29	42	PBY198_Y8205_04_29_42		2
29	43	PBY583_Y8205_04_29_43		2
29	44	PBY753_Y8205_04_29_44		2
29	45	YLR332W_S288C_04_29_45		1
29	46	PBY532_Y8205_04_29_46		2
29	47	PBY647_Y8205_04_29_47		2
29	48	PBY662_Y8205_04_29_48		2
30	1	YER158C_S288C_04_30_01		1
30	2	WT_S288C_04_30_02		1
30	3	YGR258C_S288C_04_30_03		1
30	4	WT_S288C_04_30_04		1
30	5	WT_S288C_04_30_05		1
30	6	WT_S288C_04_30_06		1
30	7	WT_S288C_04_30_07		1
30	8	YJL136W-A_S288C_04_30_08		1
30	9	YER161C_S288C_04_30_09		1
30	10	WT_S288C_04_30_10		1
30	11	YGR271W_S288C_04_30_11		1
30	12	WT_S288C_04_30_12		1
30	13	YER162C_S288C_04_30_13		1
30	14	WT_S288C_04_30_14		1
30	15	YNR033W_S288C_04_30_15		1
30	16	YJR005C-A_S288C_04_30_16		1
30	17	YER163C_S288C_04_30_17		1
30	18	WT_S288C_04_30_18		1
30	19	YGR273C_S288C_04_30_19		1
30	20	YJR135W-A_S288C_04_30_20		1
30	21	YER164W_S288C_04_30_21		1
30	22	WT_S288C_04_30_22		1
30	23	YGR276C_S288C_04_30_23		1
30	24	YJR151W-A_S288C_04_30_24		1
30	25	YER166W_S288C_04_30_25		1
30	26	WT_S288C_04_30_26		1
30	27	YGR289C_S288C_04_30_27		1
30	28	YKL018C-A_S288C_04_30_28		1
30	29	YER167W_S288C_04_30_29		1
30	30	WT_S288C_04_30_30		1
30	31	YGR291C_S288C_04_30_31		1
30	32	YKL068W-A_S288C_04_30_32		1
30	33	YER169W_S288C_04_30_33		1
30	34	WT_S288C_04_30_34		1
30	35	YGR292W_S288C_04_30_35		1
30	36	YKL096C-B_S288C_04_30_36		1
30	37	YER170W_S288C_04_30_37		1
30	38	WT_S288C_04_30_38		1
30	39	YBR020W_S288C_04_30_39		1
30	40	YKL106C-A_S288C_04_30_40		1
30	41	YER173W_S288C_04_30_41		1
30	42	WT_S288C_04_30_42		1
30	43	YBR075W_S288C_04_30_43		1
30	44	WT_S288C_04_30_44		1
30	45	YER174C_S288C_04_30_45		1
30	46	WT_S288C_04_30_46		1
30	47	YFL033C_S288C_04_30_47		1
30	48	WT_S288C_04_30_48		1
31	1	PBY896_Y8205_04_31_01		2
31	2	PBY326_Y8205_04_31_02		2
31	3	PBY696_Y8205_04_31_03		2
31	4	PBY845_Y8205_04_31_04		2
31	5	PBY393_Y8205_04_31_05		2
31	6	PBY401_Y8205_04_31_06		2
31	7	PBY515_Y8205_04_31_07		2
31	8	PBY820_Y8205_04_31_08		2
31	9	PBY97_Y8205_04_31_09		2
31	10	PBY70_Y8205_04_31_10		2
31	11	PBY559_Y8205_04_31_11		2
31	12	PBY585_Y8205_04_31_12		2
31	13	PBY895_Y8205_04_31_13		2
31	14	PBY478_Y8205_04_31_14		2
31	15	PBY54_Y8205_04_31_15		2
31	16	PBY676_Y8205_04_31_16		2
31	17	PBY231_Y8205_04_31_17		2
31	18	PBY836_Y8205_04_31_18		2
31	19	PBY347_Y8205_04_31_19		2
31	20	PBY412_Y8205_04_31_20		2
31	21	PBY128_Y8205_04_31_21		2
31	22	PBY499_Y8205_04_31_22		2
31	23	PBY702_Y8205_04_31_23		2
31	24	PBY596_Y8205_04_31_24		2
31	25	PBY700_Y8205_04_31_25		2
31	26	PBY584_Y8205_04_31_26		2
31	27	PBY703_Y8205_04_31_27		2
31	28	PBY404_Y8205_04_31_28		2
31	29	PBY782_Y8205_04_31_29		2
31	30	PBY560_Y8205_04_31_30		2
31	31	PBY388_Y8205_04_31_31		2
31	32	PBY212_Y8205_04_31_32		2
31	33	PBY517_Y8205_04_31_33		2
31	34	PBY654_Y8205_04_31_34		2
31	35	PBY633_Y8205_04_31_35		2
31	36	PBY149_Y8205_04_31_36		2
31	37	PBY648_Y8205_04_31_37		2
31	38	PBY572_Y8205_04_31_38		2
31	39	PBY209_Y8205_04_31_39		2
31	40	PBY511_Y8205_04_31_40		2
31	41	PBY542_Y8205_04_31_41		2
31	42	PBY838_Y8205_04_31_42		2
31	43	PBY274_Y8205_04_31_43		2
31	44	PBY346_Y8205_04_31_44		2
31	45	PBY380_Y8205_04_31_45		2
31	46	PBY391_Y8205_04_31_46		2
31	47	PBY561_Y8205_04_31_47		2
31	48	PBY593_Y8205_04_31_48		2
32	1	WT_S288C_04_32_01		1
32	2	WT_S288C_04_32_02		1
32	3	YPR067W_S288C_04_32_03		1
32	4	YOR069W_S288C_04_32_04		1
32	5	WT_S288C_04_32_05		1
32	6	WT_S288C_04_32_06		1
32	7	WT_S288C_04_32_07		1
32	8	YOR087W_S288C_04_32_08		1
32	9	WT_S288C_04_32_09		1
32	10	WT_S288C_04_32_10		1
32	11	YBR097W_S288C_04_32_11		1
32	12	YOR239W_S288C_04_32_12		1
32	13	WT_S288C_04_32_13		1
32	14	WT_S288C_04_32_14		1
32	15	YBR101C_S288C_04_32_15		1
32	16	WT_S288C_04_32_16		1
32	17	WT_S288C_04_32_17		1
32	18	WT_S288C_04_32_18		1
32	19	YBR122C_S288C_04_32_19		1
32	20	YOR298C-A_S288C_04_32_20		1
32	21	WT_S288C_04_32_21		1
32	22	WT_S288C_04_32_22		1
32	23	YDL040C_S288C_04_32_23		1
32	24	YPL075W_S288C_04_32_24		1
32	25	WT_S288C_04_32_25		1
32	26	WT_S288C_04_32_26		1
32	27	YDL072C_S288C_04_32_27		1
32	28	YPL165C_S288C_04_32_28		1
32	29	WT_S288C_04_32_29		1
32	30	WT_S288C_04_32_30		1
32	31	YER122C_S288C_04_32_31		1
32	32	YPL249C-A_S288C_04_32_32		1
32	33	WT_S288C_04_32_33		1
32	34	WT_S288C_04_32_34		1
32	35	YJL075C_S288C_04_32_35		1
32	36	YPL277C_S288C_04_32_36		1
32	37	WT_S288C_04_32_37		1
32	38	WT_S288C_04_32_38		1
32	39	YBR035C_S288C_04_32_39		1
32	40	YPR089W_S288C_04_32_40		1
32	41	WT_S288C_04_32_41		1
32	42	WT_S288C_04_32_42		1
32	43	YPR072W_S288C_04_32_43		1
32	44	YPR098C_S288C_04_32_44		1
32	45	WT_S288C_04_32_45		1
32	46	WT_S288C_04_32_46		1
32	47	YOR008C-A_S288C_04_32_47		1
32	48	YPR141C_S288C_04_32_48		1
