Row	Column	Strain	Info	Normalization_group
1	1	YOR202W_YPS_14_01_01		1
1	2	YOR202W_YPS_14_01_02		1
1	3	YOR202W_YPS_14_01_03		1
1	4	YOR202W_YPS_14_01_04		1
1	5	YOR202W_YPS_14_01_05		1
1	6	YOR202W_YPS_14_01_06		1
1	7	YOR202W_YPS_14_01_07		1
1	8	YOR202W_YPS_14_01_08		1
1	9	YOR202W_YPS_14_01_09		1
1	10	YOR202W_YPS_14_01_10		1
1	11	YOR202W_YPS_14_01_11		1
1	12	YOR202W_YPS_14_01_12		1
1	13	YOR202W_YPS_14_01_13		1
1	14	YOR202W_YPS_14_01_14		1
1	15	YOR202W_YPS_14_01_15		1
1	16	YOR202W_YPS_14_01_16		1
1	17	YOR202W_YPS_14_01_17		1
1	18	YOR202W_YPS_14_01_18		1
1	19	YOR202W_YPS_14_01_19		1
1	20	YOR202W_YPS_14_01_20		1
1	21	YOR202W_YPS_14_01_21		1
1	22	YOR202W_YPS_14_01_22		1
1	23	YOR202W_YPS_14_01_23		1
1	24	YOR202W_YPS_14_01_24		1
1	25	YOR202W_YPS_14_01_25		1
1	26	YOR202W_YPS_14_01_26		1
1	27	YOR202W_YPS_14_01_27		1
1	28	YOR202W_YPS_14_01_28		1
1	29	YOR202W_YPS_14_01_29		1
1	30	YOR202W_YPS_14_01_30		1
1	31	YOR202W_YPS_14_01_31		1
1	32	YOR202W_YPS_14_01_32		1
1	33	YOR202W_YPS_14_01_33		1
1	34	YOR202W_YPS_14_01_34		1
1	35	YOR202W_YPS_14_01_35		1
1	36	YOR202W_YPS_14_01_36		1
1	37	YOR202W_YPS_14_01_37		1
1	38	YOR202W_YPS_14_01_38		1
1	39	YOR202W_YPS_14_01_39		1
1	40	YOR202W_YPS_14_01_40		1
1	41	YOR202W_YPS_14_01_41		1
1	42	YOR202W_YPS_14_01_42		1
1	43	YOR202W_YPS_14_01_43		1
1	44	YOR202W_YPS_14_01_44		1
1	45	YOR202W_YPS_14_01_45		1
1	46	YOR202W_YPS_14_01_46		1
1	47	YOR202W_YPS_14_01_47		1
1	48	YOR202W_YPS_14_01_48		1
2	1	YOR202W_YPS_14_02_01		1
2	2	YOR202W_YPS_14_02_02		1
2	3	YOR202W_YPS_14_02_03		1
2	4	YOR202W_YPS_14_02_04		1
2	5	YOR202W_YPS_14_02_05		1
2	6	YOR202W_YPS_14_02_06		1
2	7	YOR202W_YPS_14_02_07		1
2	8	YOR202W_YPS_14_02_08		1
2	9	YOR202W_YPS_14_02_09		1
2	10	YOR202W_YPS_14_02_10		1
2	11	YOR202W_YPS_14_02_11		1
2	12	YOR202W_YPS_14_02_12		1
2	13	YOR202W_YPS_14_02_13		1
2	14	YOR202W_YPS_14_02_14		1
2	15	YOR202W_YPS_14_02_15		1
2	16	YOR202W_YPS_14_02_16		1
2	17	YOR202W_YPS_14_02_17		1
2	18	YOR202W_YPS_14_02_18		1
2	19	YOR202W_YPS_14_02_19		1
2	20	YOR202W_YPS_14_02_20		1
2	21	YOR202W_YPS_14_02_21		1
2	22	YOR202W_YPS_14_02_22		1
2	23	YOR202W_YPS_14_02_23		1
2	24	YOR202W_YPS_14_02_24		1
2	25	YOR202W_YPS_14_02_25		1
2	26	YOR202W_YPS_14_02_26		1
2	27	YOR202W_YPS_14_02_27		1
2	28	YOR202W_YPS_14_02_28		1
2	29	YOR202W_YPS_14_02_29		1
2	30	YOR202W_YPS_14_02_30		1
2	31	YOR202W_YPS_14_02_31		1
2	32	YOR202W_YPS_14_02_32		1
2	33	YOR202W_YPS_14_02_33		1
2	34	YOR202W_YPS_14_02_34		1
2	35	YOR202W_YPS_14_02_35		1
2	36	YOR202W_YPS_14_02_36		1
2	37	YOR202W_YPS_14_02_37		1
2	38	YOR202W_YPS_14_02_38		1
2	39	YOR202W_YPS_14_02_39		1
2	40	YOR202W_YPS_14_02_40		1
2	41	YOR202W_YPS_14_02_41		1
2	42	YOR202W_YPS_14_02_42		1
2	43	YOR202W_YPS_14_02_43		1
2	44	YOR202W_YPS_14_02_44		1
2	45	YOR202W_YPS_14_02_45		1
2	46	YOR202W_YPS_14_02_46		1
2	47	YOR202W_YPS_14_02_47		1
2	48	YOR202W_YPS_14_02_48		1
3	1	YOR202W_YPS_14_03_01		1
3	2	YOR202W_YPS_14_03_02		1
3	3	YBR030W_YPS_14_03_03		1
3	4	YCR076C_YPS_14_03_04		1
3	5	YBR138C_YPS_14_03_05		1
3	6	YDL090C_YPS_14_03_06		1
3	7	YBR028C_YPS_14_03_07		1
3	8	YCR075C_YPS_14_03_08		1
3	9	YBR137W_YPS_14_03_09		1
3	10	YDL089W_YPS_14_03_10		1
3	11	YBR027C_YPS_14_03_11		1
3	12	YCR073W-A_YPS_14_03_12		1
3	13	YBR134W_YPS_14_03_13		1
3	14	YDL088C_YPS_14_03_14		1
3	15	YBR026C_YPS_14_03_15		1
3	16	YCR073C_YPS_14_03_16		1
3	17	YBR132C_YPS_14_03_17		1
3	18	YDL086W_YPS_14_03_18		1
3	19	YBR025C_YPS_14_03_19		1
3	20	YCR071C_YPS_14_03_20		1
3	21	YBR131W_YPS_14_03_21		1
3	22	YDL085W_YPS_14_03_22		1
3	23	YBR024W_YPS_14_03_23		1
3	24	YCR069W_YPS_14_03_24		1
3	25	YBR130C_YPS_14_03_25		1
3	26	YDL083C_YPS_14_03_26		1
3	27	YBR023C_YPS_14_03_27		1
3	28	YCR068W_YPS_14_03_28		1
3	29	YBR129C_YPS_14_03_29		1
3	30	YDL082W_YPS_14_03_30		1
3	31	YBR022W_YPS_14_03_31		1
3	32	YCR067C_YPS_14_03_32		1
3	33	YBR128C_YPS_14_03_33		1
3	34	YDL081C_YPS_14_03_34		1
3	35	YBR020W_YPS_14_03_35		1
3	36	YCR065W_YPS_14_03_36		1
3	37	YBR126C_YPS_14_03_37		1
3	38	YDL080C_YPS_14_03_38		1
3	39	YBR019C_YPS_14_03_39		1
3	40	YCR063W_YPS_14_03_40		1
3	41	YBR125C_YPS_14_03_41		1
3	42	YDL079C_YPS_14_03_42		1
3	43	YBR018C_YPS_14_03_43		1
3	44	YCR062W_YPS_14_03_44		1
3	45	YBR122C_YPS_14_03_45		1
3	46	YDL078C_YPS_14_03_46		1
3	47	YOR202W_YPS_14_03_47		1
3	48	YOR202W_YPS_14_03_48		1
4	1	YOR202W_YPS_14_04_01		1
4	2	YOR202W_YPS_14_04_02		1
4	3	YDR199W_YPS_14_04_03		1
4	4	YER056C-A_YPS_14_04_04		1
4	5	YDR316W_YPS_14_04_05		1
4	6	YER158C_YPS_14_04_06		1
4	7	YDR198C_YPS_14_04_07		1
4	8	YER056C_YPS_14_04_08		1
4	9	YDR315C_YPS_14_04_09		1
4	10	YER156C_YPS_14_04_10		1
4	11	YDR193W_YPS_14_04_11		1
4	12	YER055C_YPS_14_04_12		1
4	13	YDR314C_YPS_14_04_13		1
4	14	YER155C_YPS_14_04_14		1
4	15	YDR192C_YPS_14_04_15		1
4	16	YER054C_YPS_14_04_16		1
4	17	YDR313C_YPS_14_04_17		1
4	18	YER153C_YPS_14_04_18		1
4	19	YDR191W_YPS_14_04_19		1
4	20	YER053C_YPS_14_04_20		1
4	21	YDR312W_YPS_14_04_21		1
4	22	YER152C_YPS_14_04_22		1
4	23	YDR186C_YPS_14_04_23		1
4	24	YER052C_YPS_14_04_24		1
4	25	YDR310C_YPS_14_04_25		1
4	26	YER151C_YPS_14_04_26		1
4	27	YDR185C_YPS_14_04_27		1
4	28	YER051W_YPS_14_04_28		1
4	29	YDR309C_YPS_14_04_29		1
4	30	YER150W_YPS_14_04_30		1
4	31	YDR184C_YPS_14_04_31		1
4	32	YER049W_YPS_14_04_32		1
4	33	YDR307W_YPS_14_04_33		1
4	34	YER149C_YPS_14_04_34		1
4	35	YDR183W_YPS_14_04_35		1
4	36	YER048C_YPS_14_04_36		1
4	37	YDR306C_YPS_14_04_37		1
4	38	YER145C_YPS_14_04_38		1
4	39	YDR181C_YPS_14_04_39		1
4	40	YER047C_YPS_14_04_40		1
4	41	YDR305C_YPS_14_04_41		1
4	42	YER144C_YPS_14_04_42		1
4	43	YDR179W-A_YPS_14_04_43		1
4	44	YER046W-A_YPS_14_04_44		1
4	45	YDR304C_YPS_14_04_45		1
4	46	YER143W_YPS_14_04_46		1
4	47	YOR202W_YPS_14_04_47		1
4	48	YOR202W_YPS_14_04_48		1
5	1	YOR202W_YPS_14_05_01		1
5	2	YOR202W_YPS_14_05_02		1
5	3	YAL017W_YPS_14_05_03		1
5	4	YBR235W_YPS_14_05_04		1
5	5	YBL032W_YPS_14_05_05		1
5	6	YCL036W_YPS_14_05_06		1
5	7	YAL015C_YPS_14_05_07		1
5	8	YBR233W_YPS_14_05_08		1
5	9	YBL031W_YPS_14_05_09		1
5	10	YCL035C_YPS_14_05_10		1
5	11	YAL014C_YPS_14_05_11		1
5	12	YBR232C_YPS_14_05_12		1
5	13	YBL029W_YPS_14_05_13		1
5	14	YCL034W_YPS_14_05_14		1
5	15	YAL013W_YPS_14_05_15		1
5	16	YBR231C_YPS_14_05_16		1
5	17	YBL028C_YPS_14_05_17		1
5	18	YCL033C_YPS_14_05_18		1
5	19	YAL011W_YPS_14_05_19		1
5	20	YBR230C_YPS_14_05_20		1
5	21	YBL027W_YPS_14_05_21		1
5	22	YCL032W_YPS_14_05_22		1
5	23	YAL010C_YPS_14_05_23		1
5	24	YBR229C_YPS_14_05_24		1
5	25	YBL025W_YPS_14_05_25		1
5	26	YCL030C_YPS_14_05_26		1
5	27	YAL008W_YPS_14_05_27		1
5	28	YBR228W_YPS_14_05_28		1
5	29	YBL024W_YPS_14_05_29		1
5	30	YCL029C_YPS_14_05_30		1
5	31	YAL007C_YPS_14_05_31		1
5	32	YBR227C_YPS_14_05_32		1
5	33	YBL021C_YPS_14_05_33		1
5	34	YCL028W_YPS_14_05_34		1
5	35	YAL005C_YPS_14_05_35		1
5	36	YBR226C_YPS_14_05_36		1
5	37	YBL019W_YPS_14_05_37		1
5	38	YCL027W_YPS_14_05_38		1
5	39	YAL004W_YPS_14_05_39		1
5	40	YBR225W_YPS_14_05_40		1
5	41	YBL017C_YPS_14_05_41		1
5	42	YCL026C-A_YPS_14_05_42		1
5	43	YAL002W_YPS_14_05_43		1
5	44	YBR224W_YPS_14_05_44		1
5	45	YBL016W_YPS_14_05_45		1
5	46	YCL026C_YPS_14_05_46		1
5	47	YOR202W_YPS_14_05_47		1
5	48	YOR202W_YPS_14_05_48		1
6	1	YOR202W_YPS_14_06_01		1
6	2	YOR202W_YPS_14_06_02		1
6	3	YDL199C_YPS_14_06_03		1
6	4	YDR439W_YPS_14_06_04		1
6	5	YDR090C_YPS_14_06_05		1
6	6	YEL013W_YPS_14_06_06		1
6	7	YDL197C_YPS_14_06_07		1
6	8	YDR438W_YPS_14_06_08		1
6	9	YDR089W_YPS_14_06_09		1
6	10	YEL012W_YPS_14_06_10		1
6	11	YDL194W_YPS_14_06_11		1
6	12	YDR436W_YPS_14_06_12		1
6	13	YDR085C_YPS_14_06_13		1
6	14	YEL011W_YPS_14_06_14		1
6	15	YDL192W_YPS_14_06_15		1
6	16	YDR435C_YPS_14_06_16		1
6	17	YDR084C_YPS_14_06_17		1
6	18	YEL010W_YPS_14_06_18		1
6	19	YDL191W_YPS_14_06_19		1
6	20	YDR431W_YPS_14_06_20		1
6	21	YDR083W_YPS_14_06_21		1
6	22	YEL008W_YPS_14_06_22		1
6	23	YDL190C_YPS_14_06_23		1
6	24	YDR430C_YPS_14_06_24		1
6	25	YDR080W_YPS_14_06_25		1
6	26	YEL007W_YPS_14_06_26		1
6	27	YDL189W_YPS_14_06_27		1
6	28	YDR428C_YPS_14_06_28		1
6	29	YDR077W_YPS_14_06_29		1
6	30	YEL006W_YPS_14_06_30		1
6	31	YDL188C_YPS_14_06_31		1
6	32	YDR426C_YPS_14_06_32		1
6	33	YDR076W_YPS_14_06_33		1
6	34	YEL005C_YPS_14_06_34		1
6	35	YDL187C_YPS_14_06_35		1
6	36	YDR425W_YPS_14_06_36		1
6	37	YDR075W_YPS_14_06_37		1
6	38	YEL004W_YPS_14_06_38		1
6	39	YDL186W_YPS_14_06_39		1
6	40	YDR424C_YPS_14_06_40		1
6	41	YDR074W_YPS_14_06_41		1
6	42	YEL003W_YPS_14_06_42		1
6	43	YDL185W_YPS_14_06_43		1
6	44	YDR423C_YPS_14_06_44		1
6	45	YDR073W_YPS_14_06_45		1
6	46	YEL001C_YPS_14_06_46		1
6	47	YOR202W_YPS_14_06_47		1
6	48	YOR202W_YPS_14_06_48		1
7	1	YOR202W_YPS_14_07_01		1
7	2	YOR202W_YPS_14_07_02		1
7	3	YBR045C_YPS_14_07_03		1
7	4	YCR089W_YPS_14_07_04		1
7	5	YBR156C_YPS_14_07_05		1
7	6	YDL110C_YPS_14_07_06		1
7	7	YBR044C_YPS_14_07_07		1
7	8	YCR088W_YPS_14_07_08		1
7	9	YBR151W_YPS_14_07_09		1
7	10	YDL109C_YPS_14_07_10		1
7	11	YBR043C_YPS_14_07_11		1
7	12	YCR087W_YPS_14_07_12		1
7	13	YBR150C_YPS_14_07_13		1
7	14	YDL106C_YPS_14_07_14		1
7	15	YBR042C_YPS_14_07_15		1
7	16	YCR087C-A_YPS_14_07_16		1
7	17	YBR149W_YPS_14_07_17		1
7	18	YDL104C_YPS_14_07_18		1
7	19	YBR041W_YPS_14_07_19		1
7	20	YCR086W_YPS_14_07_20		1
7	21	YBR148W_YPS_14_07_21		1
7	22	YDL100C_YPS_14_07_22		1
7	23	YBR040W_YPS_14_07_23		1
7	24	YCR085W_YPS_14_07_24		1
7	25	YBR147W_YPS_14_07_25		1
7	26	YDL099W_YPS_14_07_26		1
7	27	YBR036C_YPS_14_07_27		1
7	28	YCR083W_YPS_14_07_28		1
7	29	YBR146W_YPS_14_07_29		1
7	30	YDL096C_YPS_14_07_30		1
7	31	YBR034C_YPS_14_07_31		1
7	32	YCR082W_YPS_14_07_32		1
7	33	YBR145W_YPS_14_07_33		1
7	34	YDL095W_YPS_14_07_34		1
7	35	YBR033W_YPS_14_07_35		1
7	36	YCR081W_YPS_14_07_36		1
7	37	YBR144C_YPS_14_07_37		1
7	38	YDL094C_YPS_14_07_38		1
7	39	YBR032W_YPS_14_07_39		1
7	40	YCR079W_YPS_14_07_40		1
7	41	YBR141C_YPS_14_07_41		1
7	42	YDL093W_YPS_14_07_42		1
7	43	YBR031W_YPS_14_07_43		1
7	44	YCR077C_YPS_14_07_44		1
7	45	YBR139W_YPS_14_07_45		1
7	46	YDL091C_YPS_14_07_46		1
7	47	YOR202W_YPS_14_07_47		1
7	48	YOR202W_YPS_14_07_48		1
8	1	YOR202W_YPS_14_08_01		1
8	2	YOR202W_YPS_14_08_02		1
8	3	YDR216W_YPS_14_08_03		1
8	4	YER066W_YPS_14_08_04		1
8	5	YDR335W_YPS_14_08_05		1
8	6	YER176W_YPS_14_08_06		1
8	7	YDR215C_YPS_14_08_07		1
8	8	YER066C-A_YPS_14_08_08		1
8	9	YDR334W_YPS_14_08_09		1
8	10	YER175C_YPS_14_08_10		1
8	11	YDR214W_YPS_14_08_11		1
8	12	YER065C_YPS_14_08_12		1
8	13	YDR333C_YPS_14_08_13		1
8	14	YER174C_YPS_14_08_14		1
8	15	YDR213W_YPS_14_08_15		1
8	16	YER064C_YPS_14_08_16		1
8	17	YDR332W_YPS_14_08_17		1
8	18	YER173W_YPS_14_08_18		1
8	19	YDR210W_YPS_14_08_19		1
8	20	YER063W_YPS_14_08_20		1
8	21	YDR330W_YPS_14_08_21		1
8	22	YER170W_YPS_14_08_22		1
8	23	YDR209C_YPS_14_08_23		1
8	24	YER062C_YPS_14_08_24		1
8	25	YDR329C_YPS_14_08_25		1
8	26	YER167W_YPS_14_08_26		1
8	27	YDR207C_YPS_14_08_27		1
8	28	YER061C_YPS_14_08_28		1
8	29	YDR321W_YPS_14_08_29		1
8	30	YER166W_YPS_14_08_30		1
8	31	YDR206W_YPS_14_08_31		1
8	32	YER060W-A_YPS_14_08_32		1
8	33	YDR320C_YPS_14_08_33		1
8	34	YER164W_YPS_14_08_34		1
8	35	YDR205W_YPS_14_08_35		1
8	36	YER060W_YPS_14_08_36		1
8	37	YDR319C_YPS_14_08_37		1
8	38	YER163C_YPS_14_08_38		1
8	39	YDR203W_YPS_14_08_39		1
8	40	YER059W_YPS_14_08_40		1
8	41	YDR318W_YPS_14_08_41		1
8	42	YER162C_YPS_14_08_42		1
8	43	YDR202C_YPS_14_08_43		1
8	44	YER057C_YPS_14_08_44		1
8	45	YDR317W_YPS_14_08_45		1
8	46	YER161C_YPS_14_08_46		1
8	47	YOR202W_YPS_14_08_47		1
8	48	YOR202W_YPS_14_08_48		1
9	1	YOR202W_YPS_14_09_01		1
9	2	YOR202W_YPS_14_09_02		1
9	3	YAL031C_YPS_14_09_03		1
9	4	YBR250W_YPS_14_09_04		1
9	5	YBL052C_YPS_14_09_05		1
9	6	YCL049C_YPS_14_09_06		1
9	7	YAL030W_YPS_14_09_07		1
9	8	YBR249C_YPS_14_09_08		1
9	9	YBL051C_YPS_14_09_09		1
9	10	YCL048W_YPS_14_09_10		1
9	11	YAL029C_YPS_14_09_11		1
9	12	YBR248C_YPS_14_09_12		1
9	13	YBL049W_YPS_14_09_13		1
9	14	YCL047C_YPS_14_09_14		1
9	15	YAL028W_YPS_14_09_15		1
9	16	YBR246W_YPS_14_09_16		1
9	17	YBL048W_YPS_14_09_17		1
9	18	YCL046W_YPS_14_09_18		1
9	19	YAL027W_YPS_14_09_19		1
9	20	YBR245C_YPS_14_09_20		1
9	21	YBL047C_YPS_14_09_21		1
9	22	YCL045C_YPS_14_09_22		1
9	23	YAL026C_YPS_14_09_23		1
9	24	YBR244W_YPS_14_09_24		1
9	25	YBL046W_YPS_14_09_25		1
9	26	YCL044C_YPS_14_09_26		1
9	27	YAL023C_YPS_14_09_27		1
9	28	YBR242W_YPS_14_09_28		1
9	29	YBL043W_YPS_14_09_29		1
9	30	YCL042W_YPS_14_09_30		1
9	31	YAL022C_YPS_14_09_31		1
9	32	YBR241C_YPS_14_09_32		1
9	33	YBL042C_YPS_14_09_33		1
9	34	YCL040W_YPS_14_09_34		1
9	35	YAL020C_YPS_14_09_35		1
9	36	YBR240C_YPS_14_09_36		1
9	37	YBL039C_YPS_14_09_37		1
9	38	YCL039W_YPS_14_09_38		1
9	39	YAL019W_YPS_14_09_39		1
9	40	YBR239C_YPS_14_09_40		1
9	41	YBL037W_YPS_14_09_41		1
9	42	YCL038C_YPS_14_09_42		1
9	43	YAL018C_YPS_14_09_43		1
9	44	YBR238C_YPS_14_09_44		1
9	45	YBL036C_YPS_14_09_45		1
9	46	YCL037C_YPS_14_09_46		1
9	47	YOR202W_YPS_14_09_47		1
9	48	YOR202W_YPS_14_09_48		1
10	1	YOR202W_YPS_14_10_01		1
10	2	YOR202W_YPS_14_10_02		1
10	3	YDL216C_YPS_14_10_03		1
10	4	YDR459C_YPS_14_10_04		1
10	5	YDR102C_YPS_14_10_05		1
10	6	YEL031W_YPS_14_10_06		1
10	7	YDL215C_YPS_14_10_07		1
10	8	YDR458C_YPS_14_10_08		1
10	9	YDR101C_YPS_14_10_09		1
10	10	YEL030W_YPS_14_10_10		1
10	11	YDL214C_YPS_14_10_11		1
10	12	YDR455C_YPS_14_10_12		1
10	13	YDR100W_YPS_14_10_13		1
10	14	YEL028W_YPS_14_10_14		1
10	15	YDL213C_YPS_14_10_15		1
10	16	YDR453C_YPS_14_10_16		1
10	17	YDR099W_YPS_14_10_17		1
10	18	YEL025C_YPS_14_10_18		1
10	19	YDL211C_YPS_14_10_19		1
10	20	YDR452W_YPS_14_10_20		1
10	21	YDR098C_YPS_14_10_21		1
10	22	YEL023C_YPS_14_10_22		1
10	23	YDL210W_YPS_14_10_23		1
10	24	YDR451C_YPS_14_10_24		1
10	25	YDR097C_YPS_14_10_25		1
10	26	YEL020C_YPS_14_10_26		1
10	27	YDL206W_YPS_14_10_27		1
10	28	YDR447C_YPS_14_10_28		1
10	29	YDR096W_YPS_14_10_29		1
10	30	YEL017W_YPS_14_10_30		1
10	31	YDL204W_YPS_14_10_31		1
10	32	YDR446W_YPS_14_10_32		1
10	33	YDR095C_YPS_14_10_33		1
10	34	YEL017C-A_YPS_14_10_34		1
10	35	YDL203C_YPS_14_10_35		1
10	36	YDR445C_YPS_14_10_36		1
10	37	YDR094W_YPS_14_10_37		1
10	38	YEL016C_YPS_14_10_38		1
10	39	YDL201W_YPS_14_10_39		1
10	40	YDR441C_YPS_14_10_40		1
10	41	YDR093W_YPS_14_10_41		1
10	42	YEL015W_YPS_14_10_42		1
10	43	YDL200C_YPS_14_10_43		1
10	44	YDR440W_YPS_14_10_44		1
10	45	YDR092W_YPS_14_10_45		1
10	46	YEL014C_YPS_14_10_46		1
10	47	YOR202W_YPS_14_10_47		1
10	48	YOR202W_YPS_14_10_48		1
11	1	YOR202W_YPS_14_11_01		1
11	2	YOR202W_YPS_14_11_02		1
11	3	YBR058C_YPS_14_11_03		1
11	4	YCR105W_YPS_14_11_04		1
11	5	YBR169C_YPS_14_11_05		1
11	6	YDL125C_YPS_14_11_06		1
11	7	YBR057C_YPS_14_11_07		1
11	8	YCR102W-A_YPS_14_11_08		1
11	9	YBR168W_YPS_14_11_09		1
11	10	YDL124W_YPS_14_11_10		1
11	11	YBR056W_YPS_14_11_11		1
11	12	YCR102C_YPS_14_11_12		1
11	13	YBR166C_YPS_14_11_13		1
11	14	YDL123W_YPS_14_11_14		1
11	15	YBR054W_YPS_14_11_15		1
11	16	YCR101C_YPS_14_11_16		1
11	17	YBR165W_YPS_14_11_17		1
11	18	YDL122W_YPS_14_11_18		1
11	19	YBR053C_YPS_14_11_19		1
11	20	YCR100C_YPS_14_11_20		1
11	21	YBR164C_YPS_14_11_21		1
11	22	YDL121C_YPS_14_11_22		1
11	23	YBR052C_YPS_14_11_23		1
11	24	YCR099C_YPS_14_11_24		1
11	25	YBR162W-A_YPS_14_11_25		1
11	26	YDL119C_YPS_14_11_26		1
11	27	YBR051W_YPS_14_11_27		1
11	28	YCR098C_YPS_14_11_28		1
11	29	YBR162C_YPS_14_11_29		1
11	30	YDL118W_YPS_14_11_30		1
11	31	YBR050C_YPS_14_11_31		1
11	32	YCR095C_YPS_14_11_32		1
11	33	YBR161W_YPS_14_11_33		1
11	34	YDL117W_YPS_14_11_34		1
11	35	YBR048W_YPS_14_11_35		1
11	36	YCR092C_YPS_14_11_36		1
11	37	YBR159W_YPS_14_11_37		1
11	38	YDL114W_YPS_14_11_38		1
11	39	YBR047W_YPS_14_11_39		1
11	40	YCR091W_YPS_14_11_40		1
11	41	YBR158W_YPS_14_11_41		1
11	42	YDL113C_YPS_14_11_42		1
11	43	YBR046C_YPS_14_11_43		1
11	44	YCR090C_YPS_14_11_44		1
11	45	YBR157C_YPS_14_11_45		1
11	46	YDL112W_YPS_14_11_46		1
11	47	YOR202W_YPS_14_11_47		1
11	48	YOR202W_YPS_14_11_48		1
12	1	YOR202W_YPS_14_12_01		1
12	2	YOR202W_YPS_14_12_02		1
12	3	YDR233C_YPS_14_12_03		1
12	4	YER079W_YPS_14_12_04		1
12	5	YDR354W_YPS_14_12_05		1
12	6	YER187W_YPS_14_12_06		1
12	7	YDR229W_YPS_14_12_07		1
12	8	YER078C_YPS_14_12_08		1
12	9	YDR352W_YPS_14_12_09		1
12	10	YER186C_YPS_14_12_10		1
12	11	YDR227W_YPS_14_12_11		1
12	12	YER077C_YPS_14_12_12		1
12	13	YDR351W_YPS_14_12_13		1
12	14	YER185W_YPS_14_12_14		1
12	15	YDR225W_YPS_14_12_15		1
12	16	YER075C_YPS_14_12_16		1
12	17	YDR349C_YPS_14_12_17		1
12	18	YER184C_YPS_14_12_18		1
12	19	YDR223W_YPS_14_12_19		1
12	20	YER074W_YPS_14_12_20		1
12	21	YDR348C_YPS_14_12_21		1
12	22	YER183C_YPS_14_12_22		1
12	23	YDR222W_YPS_14_12_23		1
12	24	YER073W_YPS_14_12_24		1
12	25	YDR346C_YPS_14_12_25		1
12	26	YER182W_YPS_14_12_26		1
12	27	YDR221W_YPS_14_12_27		1
12	28	YER072W_YPS_14_12_28		1
12	29	YDR345C_YPS_14_12_29		1
12	30	YER181C_YPS_14_12_30		1
12	31	YDR220C_YPS_14_12_31		1
12	32	YER071C_YPS_14_12_32		1
12	33	YDR344C_YPS_14_12_33		1
12	34	YER180C_YPS_14_12_34		1
12	35	YDR219C_YPS_14_12_35		1
12	36	YER069W_YPS_14_12_36		1
12	37	YDR340W_YPS_14_12_37		1
12	38	YER179W_YPS_14_12_38		1
12	39	YDR218C_YPS_14_12_39		1
12	40	YER067W_YPS_14_12_40		1
12	41	YDR338C_YPS_14_12_41		1
12	42	YER178W_YPS_14_12_42		1
12	43	YDR217C_YPS_14_12_43		1
12	44	YER067C-A_YPS_14_12_44		1
12	45	YDR336W_YPS_14_12_45		1
12	46	YER177W_YPS_14_12_46		1
12	47	YOR202W_YPS_14_12_47		1
12	48	YOR202W_YPS_14_12_48		1
13	1	YOR202W_YPS_14_13_01		1
13	2	YOR202W_YPS_14_13_02		1
13	3	YAL054C_YPS_14_13_03		1
13	4	YBR269C_YPS_14_13_04		1
13	5	YBL064C_YPS_14_13_05		1
13	6	YCL069W_YPS_14_13_06		1
13	7	YAL053W_YPS_14_13_07		1
13	8	YBR267W_YPS_14_13_08		1
13	9	YBL063W_YPS_14_13_09		1
13	10	YCL064C_YPS_14_13_10		1
13	11	YAL051W_YPS_14_13_11		1
13	12	YBR266C_YPS_14_13_12		1
13	13	YBL062W_YPS_14_13_13		1
13	14	YCL063W_YPS_14_13_14		1
13	15	YAL049C_YPS_14_13_15		1
13	16	YBR264C_YPS_14_13_16		1
13	17	YBL061C_YPS_14_13_17		1
13	18	YCL062W_YPS_14_13_18		1
13	19	YAL045C_YPS_14_13_19		1
13	20	YBR263W_YPS_14_13_20		1
13	21	YBL060W_YPS_14_13_21		1
13	22	YCL061C_YPS_14_13_22		1
13	23	YAL043C-A_YPS_14_13_23		1
13	24	YBR262C_YPS_14_13_24		1
13	25	YBL059W_YPS_14_13_25		1
13	26	YCL060C_YPS_14_13_26		1
13	27	YAL042W_YPS_14_13_27		1
13	28	YBR261C_YPS_14_13_28		1
13	29	YBL057C_YPS_14_13_29		1
13	30	YCL057W_YPS_14_13_30		1
13	31	YAL040C_YPS_14_13_31		1
13	32	YBR260C_YPS_14_13_32		1
13	33	YBL056W_YPS_14_13_33		1
13	34	YCL056C_YPS_14_13_34		1
13	35	YAL037W_YPS_14_13_35		1
13	36	YBR259W_YPS_14_13_36		1
13	37	YBL055C_YPS_14_13_37		1
13	38	YCL055W_YPS_14_13_38		1
13	39	YAL036C_YPS_14_13_39		1
13	40	YBR258C_YPS_14_13_40		1
13	41	YBL054W_YPS_14_13_41		1
13	42	YCL051W_YPS_14_13_42		1
13	43	YAL034C_YPS_14_13_43		1
13	44	YBR255W_YPS_14_13_44		1
13	45	YBL053W_YPS_14_13_45		1
13	46	YCL050C_YPS_14_13_46		1
13	47	YOR202W_YPS_14_13_47		1
13	48	YOR202W_YPS_14_13_48		1
14	1	YOR202W_YPS_14_14_01		1
14	2	YOR202W_YPS_14_14_02		1
14	3	YDL232W_YPS_14_14_03		1
14	4	YDR480W_YPS_14_14_04		1
14	5	YDR117C_YPS_14_14_05		1
14	6	YEL049W_YPS_14_14_06		1
14	7	YDL231C_YPS_14_14_07		1
14	8	YDR479C_YPS_14_14_08		1
14	9	YDR116C_YPS_14_14_09		1
14	10	YEL048C_YPS_14_14_10		1
14	11	YDL230W_YPS_14_14_11		1
14	12	YDR476C_YPS_14_14_12		1
14	13	YDR112W_YPS_14_14_13		1
14	14	YEL047C_YPS_14_14_14		1
14	15	YDL229W_YPS_14_14_15		1
14	16	YDR475C_YPS_14_14_16		1
14	17	YDR111C_YPS_14_14_17		1
14	18	YEL043W_YPS_14_14_18		1
14	19	YDL227C_YPS_14_14_19		1
14	20	YDR474C_YPS_14_14_20		1
14	21	YDR110W_YPS_14_14_21		1
14	22	YEL042W_YPS_14_14_22		1
14	23	YDL226C_YPS_14_14_23		1
14	24	YDR471W_YPS_14_14_24		1
14	25	YDR103W_YPS_14_14_25		1
14	26	YEL041W_YPS_14_14_26		1
14	27	YDL224C_YPS_14_14_27		1
14	28	YDR469W_YPS_14_14_28		1
14	29	YDR109C_YPS_14_14_29		1
14	30	YEL040W_YPS_14_14_30		1
14	31	YDL223C_YPS_14_14_31		1
14	32	YDR467C_YPS_14_14_32		1
14	33	YDR108W_YPS_14_14_33		1
14	34	YEL039C_YPS_14_14_34		1
14	35	YDL222C_YPS_14_14_35		1
14	36	YDR466W_YPS_14_14_36		1
14	37	YDR107C_YPS_14_14_37		1
14	38	YEL038W_YPS_14_14_38		1
14	39	YDL219W_YPS_14_14_39		1
14	40	YDR465C_YPS_14_14_40		1
14	41	YDR105C_YPS_14_14_41		1
14	42	YEL037C_YPS_14_14_42		1
14	43	YDL218W_YPS_14_14_43		1
14	44	YDR463W_YPS_14_14_44		1
14	45	YDR104C_YPS_14_14_45		1
14	46	YEL033W_YPS_14_14_46		1
14	47	YOR202W_YPS_14_14_47		1
14	48	YOR202W_YPS_14_14_48		1
15	1	YOR202W_YPS_14_15_01		1
15	2	YOR202W_YPS_14_15_02		1
15	3	YBR071W_YPS_14_15_03		1
15	4	YDL020C_YPS_14_15_04		1
15	5	YBR182C_YPS_14_15_05		1
15	6	YDL135C_YPS_14_15_06		1
15	7	YBR069C_YPS_14_15_07		1
15	8	YDL019C_YPS_14_15_08		1
15	9	YBR181C_YPS_14_15_09		1
15	10	YDL134C-A_YPS_14_15_10		1
15	11	YBR068C_YPS_14_15_11		1
15	12	YDL018C_YPS_14_15_12		1
15	13	YBR180W_YPS_14_15_13		1
15	14	YDL134C_YPS_14_15_14		1
15	15	YBR067C_YPS_14_15_15		1
15	16	YDL013W_YPS_14_15_16		1
15	17	YBR178W_YPS_14_15_17		1
15	18	YDL133W_YPS_14_15_18		1
15	19	YBR066C_YPS_14_15_19		1
15	20	YDL012C_YPS_14_15_20		1
15	21	YBR177C_YPS_14_15_21		1
15	22	YDL133C-A_YPS_14_15_22		1
15	23	YBR065C_YPS_14_15_23		1
15	24	YDL011C_YPS_14_15_24		1
15	25	YBR176W_YPS_14_15_25		1
15	26	YDL131W_YPS_14_15_26		1
15	27	YBR064W_YPS_14_15_27		1
15	28	YDL010W_YPS_14_15_28		1
15	29	YBR175W_YPS_14_15_29		1
15	30	YDL130W-A_YPS_14_15_30		1
15	31	YBR063C_YPS_14_15_31		1
15	32	YDL006W_YPS_14_15_32		1
15	33	YBR174C_YPS_14_15_33		1
15	34	YDL130W_YPS_14_15_34		1
15	35	YBR062C_YPS_14_15_35		1
15	36	YDL002C_YPS_14_15_36		1
15	37	YBR172C_YPS_14_15_37		1
15	38	YDL129W_YPS_14_15_38		1
15	39	YBR061C_YPS_14_15_39		1
15	40	YDL001W_YPS_14_15_40		1
15	41	YBR171W_YPS_14_15_41		1
15	42	YDL128W_YPS_14_15_42		1
15	43	YBR059C_YPS_14_15_43		1
15	44	YCR106W_YPS_14_15_44		1
15	45	YBR170C_YPS_14_15_45		1
15	46	YDL127W_YPS_14_15_46		1
15	47	YOR202W_YPS_14_15_47		1
15	48	YOR202W_YPS_14_15_48		1
16	1	YOR202W_YPS_14_16_01		1
16	2	YOR202W_YPS_14_16_02		1
16	3	YDR252W_YPS_14_16_03		1
16	4	YER092W_YPS_14_16_04		1
16	5	YDR372C_YPS_14_16_05		1
16	6	YFL023W_YPS_14_16_06		1
16	7	YDR251W_YPS_14_16_07		1
16	8	YER091C-A_YPS_14_16_08		1
16	9	YDR371W_YPS_14_16_09		1
16	10	YFL021W_YPS_14_16_10		1
16	11	YDR250C_YPS_14_16_11		1
16	12	YER091C_YPS_14_16_12		1
16	13	YDR370C_YPS_14_16_13		1
16	14	YFL020C_YPS_14_16_14		1
16	15	YDR249C_YPS_14_16_15		1
16	16	YER090W_YPS_14_16_16		1
16	17	YDR369C_YPS_14_16_17		1
16	18	YFL019C_YPS_14_16_18		1
16	19	YDR248C_YPS_14_16_19		1
16	20	YER088C_YPS_14_16_20		1
16	21	YDR368W_YPS_14_16_21		1
16	22	YFL018C_YPS_14_16_22		1
16	23	YDR247W_YPS_14_16_23		1
16	24	YER087C-A_YPS_14_16_24		1
16	25	YDR363W-A_YPS_14_16_25		1
16	26	YFL015C_YPS_14_16_26		1
16	27	YDR245W_YPS_14_16_27		1
16	28	YER085C_YPS_14_16_28		1
16	29	YDR363W_YPS_14_16_29		1
16	30	YFL014W_YPS_14_16_30		1
16	31	YDR244W_YPS_14_16_31		1
16	32	YER084W_YPS_14_16_32		1
16	33	YDR360W_YPS_14_16_33		1
16	34	YFL013W-A_YPS_14_16_34		1
16	35	YDR241W_YPS_14_16_35		1
16	36	YER083C_YPS_14_16_36		1
16	37	YDR359C_YPS_14_16_37		1
16	38	YFL011W_YPS_14_16_38		1
16	39	YDR239C_YPS_14_16_39		1
16	40	YER081W_YPS_14_16_40		1
16	41	YDR358W_YPS_14_16_41		1
16	42	YFL006W_YPS_14_16_42		1
16	43	YDR234W_YPS_14_16_43		1
16	44	YER080W_YPS_14_16_44		1
16	45	YDR357C_YPS_14_16_45		1
16	46	YER188W_YPS_14_16_46		1
16	47	YOR202W_YPS_14_16_47		1
16	48	YOR202W_YPS_14_16_48		1
17	1	YOR202W_YPS_14_17_01		1
17	2	YOR202W_YPS_14_17_02		1
17	3	YAL066W_YPS_14_17_03		1
17	4	YBR281C_YPS_14_17_04		1
17	5	YBL079W_YPS_14_17_05		1
17	6	YCR011C_YPS_14_17_06		1
17	7	YAL065C_YPS_14_17_07		1
17	8	YBR280C_YPS_14_17_08		1
17	9	YBL078C_YPS_14_17_09		1
17	10	YCR010C_YPS_14_17_10		1
17	11	YAL064C-A_YPS_14_17_11		1
17	12	YBR278W_YPS_14_17_12		1
17	13	YBL075C_YPS_14_17_13		1
17	14	YCR009C_YPS_14_17_14		1
17	15	YAL062W_YPS_14_17_15		1
17	16	YBR277C_YPS_14_17_16		1
17	17	YBL072C_YPS_14_17_17		1
17	18	YCR008W_YPS_14_17_18		1
17	19	YAL061W_YPS_14_17_19		1
17	20	YBR276C_YPS_14_17_20		1
17	21	YBL071C_YPS_14_17_21		1
17	22	YCR007C_YPS_14_17_22		1
17	23	YAL060W_YPS_14_17_23		1
17	24	YBR275C_YPS_14_17_24		1
17	25	YBL070C_YPS_14_17_25		1
17	26	YCR006C_YPS_14_17_26		1
17	27	YAL059W_YPS_14_17_27		1
17	28	YBR274W_YPS_14_17_28		1
17	29	YBL069W_YPS_14_17_29		1
17	30	YCR005C_YPS_14_17_30		1
17	31	YAL058W_YPS_14_17_31		1
17	32	YBR273C_YPS_14_17_32		1
17	33	YBL068W_YPS_14_17_33		1
17	34	YCR001W_YPS_14_17_34		1
17	35	YAL058C-A_YPS_14_17_35		1
17	36	YBR272C_YPS_14_17_36		1
17	37	YBL067C_YPS_14_17_37		1
17	38	YCL076W_YPS_14_17_38		1
17	39	YAL056W_YPS_14_17_39		1
17	40	YBR271W_YPS_14_17_40		1
17	41	YBL066C_YPS_14_17_41		1
17	42	YCL075W_YPS_14_17_42		1
17	43	YAL055W_YPS_14_17_43		1
17	44	YBR270C_YPS_14_17_44		1
17	45	YBL065W_YPS_14_17_45		1
17	46	YCL074W_YPS_14_17_46		1
17	47	YOR202W_YPS_14_17_47		1
17	48	YOR202W_YPS_14_17_48		1
18	1	YOR202W_YPS_14_18_01		1
18	2	YOR202W_YPS_14_18_02		1
18	3	YDR001C_YPS_14_18_03		1
18	4	YDR496C_YPS_14_18_04		1
18	5	YDR130C_YPS_14_18_05		1
18	6	YEL065W_YPS_14_18_06		1
18	7	YDL243C_YPS_14_18_07		1
18	8	YDR494W_YPS_14_18_08		1
18	9	YDR128W_YPS_14_18_09		1
18	10	YEL064C_YPS_14_18_10		1
18	11	YDL242W_YPS_14_18_11		1
18	12	YDR492W_YPS_14_18_12		1
18	13	YDR127W_YPS_14_18_13		1
18	14	YEL063C_YPS_14_18_14		1
18	15	YDL241W_YPS_14_18_15		1
18	16	YDR491C_YPS_14_18_16		1
18	17	YDR126W_YPS_14_18_17		1
18	18	YEL062W_YPS_14_18_18		1
18	19	YDL240W_YPS_14_18_19		1
18	20	YDR490C_YPS_14_18_20		1
18	21	YDR125C_YPS_14_18_21		1
18	22	YEL061C_YPS_14_18_22		1
18	23	YDL239C_YPS_14_18_23		1
18	24	YDR488C_YPS_14_18_24		1
18	25	YDR124W_YPS_14_18_25		1
18	26	YEL060C_YPS_14_18_26		1
18	27	YDL238C_YPS_14_18_27		1
18	28	YDR486C_YPS_14_18_28		1
18	29	YDR123C_YPS_14_18_29		1
18	30	YEL059W_YPS_14_18_30		1
18	31	YDL237W_YPS_14_18_31		1
18	32	YDR485C_YPS_14_18_32		1
18	33	YDR122W_YPS_14_18_33		1
18	34	YEL057C_YPS_14_18_34		1
18	35	YDL236W_YPS_14_18_35		1
18	36	YDR483W_YPS_14_18_36		1
18	37	YDR121W_YPS_14_18_37		1
18	38	YEL056W_YPS_14_18_38		1
18	39	YDL234C_YPS_14_18_39		1
18	40	YDR482C_YPS_14_18_40		1
18	41	YDR120C_YPS_14_18_41		1
18	42	YEL053C_YPS_14_18_42		1
18	43	YDL233W_YPS_14_18_43		1
18	44	YDR481C_YPS_14_18_44		1
18	45	YDR119W_YPS_14_18_45		1
18	46	YEL052W_YPS_14_18_46		1
18	47	YOR202W_YPS_14_18_47		1
18	48	YOR202W_YPS_14_18_48		1
19	1	YOR202W_YPS_14_19_01		1
19	2	YOR202W_YPS_14_19_02		1
19	3	YBR090C_YPS_14_19_03		1
19	4	YDL038C_YPS_14_19_04		1
19	5	YBR199W_YPS_14_19_05		1
19	6	YDL157C_YPS_14_19_06		1
19	7	YBR084W_YPS_14_19_07		1
19	8	YDL037C_YPS_14_19_08		1
19	9	YBR197C_YPS_14_19_09		1
19	10	YDL156W_YPS_14_19_10		1
19	11	YBR084C-A_YPS_14_19_11		1
19	12	YDL036C_YPS_14_19_12		1
19	13	YBR195C_YPS_14_19_13		1
19	14	YDL155W_YPS_14_19_14		1
19	15	YBR083W_YPS_14_19_15		1
19	16	YDL035C_YPS_14_19_16		1
19	17	YBR194W_YPS_14_19_17		1
19	18	YDL154W_YPS_14_19_18		1
19	19	YBR082C_YPS_14_19_19		1
19	20	YDL034W_YPS_14_19_20		1
19	21	YBR189W_YPS_14_19_21		1
19	22	YDL149W_YPS_14_19_22		1
19	23	YBR077C_YPS_14_19_23		1
19	24	YDL033C_YPS_14_19_24		1
19	25	YBR188C_YPS_14_19_25		1
19	26	YDL146W_YPS_14_19_26		1
19	27	YBR076W_YPS_14_19_27		1
19	28	YDL027C_YPS_14_19_28		1
19	29	YBR187W_YPS_14_19_29		1
19	30	YDL144C_YPS_14_19_30		1
19	31	YBR075W_YPS_14_19_31		1
19	32	YDL026W_YPS_14_19_32		1
19	33	YBR186W_YPS_14_19_33		1
19	34	YDL142C_YPS_14_19_34		1
19	35	YBR074W_YPS_14_19_35		1
19	36	YDL025C_YPS_14_19_36		1
19	37	YBR185C_YPS_14_19_37		1
19	38	YDL138W_YPS_14_19_38		1
19	39	YBR073W_YPS_14_19_39		1
19	40	YDL024C_YPS_14_19_40		1
19	41	YBR184W_YPS_14_19_41		1
19	42	YDL137W_YPS_14_19_42		1
19	43	YBR072W_YPS_14_19_43		1
19	44	YDL023C_YPS_14_19_44		1
19	45	YBR183W_YPS_14_19_45		1
19	46	YDL136W_YPS_14_19_46		1
19	47	YOR202W_YPS_14_19_47		1
19	48	YOR202W_YPS_14_19_48		1
20	1	YOR202W_YPS_14_20_01		1
20	2	YOR202W_YPS_14_20_02		1
20	3	YDR263C_YPS_14_20_03		1
20	4	YER113C_YPS_14_20_04		1
20	5	YDR387C_YPS_14_20_05		1
20	6	YFL036W_YPS_14_20_06		1
20	7	YDR262W_YPS_14_20_07		1
20	8	YER111C_YPS_14_20_08		1
20	9	YDR386W_YPS_14_20_09		1
20	10	YFL035C-B_YPS_14_20_10		1
20	11	YDR261C_YPS_14_20_11		1
20	12	YER109C_YPS_14_20_12		1
20	13	YDR385W_YPS_14_20_13		1
20	14	YFL034W_YPS_14_20_14		1
20	15	YDR260C_YPS_14_20_15		1
20	16	YER108C_YPS_14_20_16		1
20	17	YDR384C_YPS_14_20_17		1
20	18	YFL034C-A_YPS_14_20_18		1
20	19	YDR259C_YPS_14_20_19		1
20	20	YER106W_YPS_14_20_20		1
20	21	YDR383C_YPS_14_20_21		1
20	22	YFL032W_YPS_14_20_22		1
20	23	YDR258C_YPS_14_20_23		1
20	24	YER101C_YPS_14_20_24		1
20	25	YDR382W_YPS_14_20_25		1
20	26	YFL031W_YPS_14_20_26		1
20	27	YDR257C_YPS_14_20_27		1
20	28	YER098W_YPS_14_20_28		1
20	29	YDR380W_YPS_14_20_29		1
20	30	YFL030W_YPS_14_20_30		1
20	31	YDR256C_YPS_14_20_31		1
20	32	YER097W_YPS_14_20_32		1
20	33	YDR379W_YPS_14_20_33		1
20	34	YFL028C_YPS_14_20_34		1
20	35	YDR255C_YPS_14_20_35		1
20	36	YER096W_YPS_14_20_36		1
20	37	YDR378C_YPS_14_20_37		1
20	38	YFL027C_YPS_14_20_38		1
20	39	YDR254W_YPS_14_20_39		1
20	40	YER095W_YPS_14_20_40		1
20	41	YDR375C_YPS_14_20_41		1
20	42	YFL026W_YPS_14_20_42		1
20	43	YDR253C_YPS_14_20_43		1
20	44	YER093C-A_YPS_14_20_44		1
20	45	YDR374C_YPS_14_20_45		1
20	46	YFL025C_YPS_14_20_46		1
20	47	YOR202W_YPS_14_20_47		1
20	48	YOR202W_YPS_14_20_48		1
21	1	YOR202W_YPS_14_21_01		1
21	2	YOR202W_YPS_14_21_02		1
21	3	YAR027W_YPS_14_21_03		1
21	4	YBR293W_YPS_14_21_04		1
21	5	YBL094C_YPS_14_21_05		1
21	6	YCR024C-A_YPS_14_21_06		1
21	7	YAR023C_YPS_14_21_07		1
21	8	YBR292C_YPS_14_21_08		1
21	9	YBL091C-A_YPS_14_21_09		1
21	10	YCR023C_YPS_14_21_10		1
21	11	YAR020C_YPS_14_21_11		1
21	12	YBR291C_YPS_14_21_12		1
21	13	YBL091C_YPS_14_21_13		1
21	14	YCR022C_YPS_14_21_14		1
21	15	YAR018C_YPS_14_21_15		1
21	16	YBR290W_YPS_14_21_16		1
21	17	YBL089W_YPS_14_21_17		1
21	18	YCR021C_YPS_14_21_18		1
21	19	YAR015W_YPS_14_21_19		1
21	20	YBR289W_YPS_14_21_20		1
21	21	YBL088C_YPS_14_21_21		1
21	22	YCR020C-A_YPS_14_21_22		1
21	23	YAR014C_YPS_14_21_23		1
21	24	YBR288C_YPS_14_21_24		1
21	25	YBL087C_YPS_14_21_25		1
21	26	YCR020C_YPS_14_21_26		1
21	27	YAR003W_YPS_14_21_27		1
21	28	YBR287W_YPS_14_21_28		1
21	29	YBL086C_YPS_14_21_29		1
21	30	YCR019W_YPS_14_21_30		1
21	31	YAR002W_YPS_14_21_31		1
21	32	YBR286W_YPS_14_21_32		1
21	33	YBL085W_YPS_14_21_33		1
21	34	YCR017C_YPS_14_21_34		1
21	35	YAR002C-A_YPS_14_21_35		1
21	36	YBR285W_YPS_14_21_36		1
21	37	YBL083C_YPS_14_21_37		1
21	38	YCR016W_YPS_14_21_38		1
21	39	YAL068C_YPS_14_21_39		1
21	40	YBR284W_YPS_14_21_40		1
21	41	YBL082C_YPS_14_21_41		1
21	42	YCR015C_YPS_14_21_42		1
21	43	YAL067C_YPS_14_21_43		1
21	44	YBR283C_YPS_14_21_44		1
21	45	YBL081W_YPS_14_21_45		1
21	46	YCR014C_YPS_14_21_46		1
21	47	YOR202W_YPS_14_21_47		1
21	48	YOR202W_YPS_14_21_48		1
22	1	YOR202W_YPS_14_22_01		1
22	2	YOR202W_YPS_14_22_02		1
22	3	YDR015C_YPS_14_22_03		1
22	4	YDR512C_YPS_14_22_04		1
22	5	YDR147W_YPS_14_22_05		1
22	6	YER010C_YPS_14_22_06		1
22	7	YDR014W_YPS_14_22_07		1
22	8	YDR511W_YPS_14_22_08		1
22	9	YDR146C_YPS_14_22_09		1
22	10	YER007W_YPS_14_22_10		1
22	11	YDR011W_YPS_14_22_11		1
22	12	YDR509W_YPS_14_22_12		1
22	13	YDR144C_YPS_14_22_13		1
22	14	YER007C-A_YPS_14_22_14		1
22	15	YDR010C_YPS_14_22_15		1
22	16	YDR508C_YPS_14_22_16		1
22	17	YDR143C_YPS_14_22_17		1
22	18	YER005W_YPS_14_22_18		1
22	19	YDR009W_YPS_14_22_19		1
22	20	YDR506C_YPS_14_22_20		1
22	21	YDR142C_YPS_14_22_21		1
22	22	YER004W_YPS_14_22_22		1
22	23	YDR008C_YPS_14_22_23		1
22	24	YDR505C_YPS_14_22_24		1
22	25	YDR139C_YPS_14_22_25		1
22	26	YER002W_YPS_14_22_26		1
22	27	YDR007W_YPS_14_22_27		1
22	28	YDR504C_YPS_14_22_28		1
22	29	YDR135C_YPS_14_22_29		1
22	30	YER001W_YPS_14_22_30		1
22	31	YDR006C_YPS_14_22_31		1
22	32	YDR503C_YPS_14_22_32		1
22	33	YDR134C_YPS_14_22_33		1
22	34	YEL071W_YPS_14_22_34		1
22	35	YDR005C_YPS_14_22_35		1
22	36	YDR501W_YPS_14_22_36		1
22	37	YDR133C_YPS_14_22_37		1
22	38	YEL068C_YPS_14_22_38		1
22	39	YDR004W_YPS_14_22_39		1
22	40	YDR500C_YPS_14_22_40		1
22	41	YDR132C_YPS_14_22_41		1
22	42	YEL067C_YPS_14_22_42		1
22	43	YDR003W_YPS_14_22_43		1
22	44	YDR497C_YPS_14_22_44		1
22	45	YDR131C_YPS_14_22_45		1
22	46	YEL066W_YPS_14_22_46		1
22	47	YOR202W_YPS_14_22_47		1
22	48	YOR202W_YPS_14_22_48		1
23	1	YOR202W_YPS_14_23_01		1
23	2	YOR202W_YPS_14_23_02		1
23	3	YBR104W_YPS_14_23_03		1
23	4	YDL054C_YPS_14_23_04		1
23	5	YBR212W_YPS_14_23_05		1
23	6	YDL173W_YPS_14_23_06		1
23	7	YBR103W_YPS_14_23_07		1
23	8	YDL053C_YPS_14_23_08		1
23	9	YBR210W_YPS_14_23_09		1
23	10	YDL172C_YPS_14_23_10		1
23	11	YBR101C_YPS_14_23_11		1
23	12	YDL042C_YPS_14_23_12		1
23	13	YBR209W_YPS_14_23_13		1
23	14	YDL171C_YPS_14_23_14		1
23	15	YBR100W_YPS_14_23_15		1
23	16	YDL052C_YPS_14_23_16		1
23	17	YBR208C_YPS_14_23_17		1
23	18	YDL170W_YPS_14_23_18		1
23	19	YBR099C_YPS_14_23_19		1
23	20	YDL051W_YPS_14_23_20		1
23	21	YBR207W_YPS_14_23_21		1
23	22	YDL169C_YPS_14_23_22		1
23	23	YBR098W_YPS_14_23_23		1
23	24	YDL048C_YPS_14_23_24		1
23	25	YBR206W_YPS_14_23_25		1
23	26	YDL168W_YPS_14_23_26		1
23	27	YBR095C_YPS_14_23_27		1
23	28	YDL050C_YPS_14_23_28		1
23	29	YBR205W_YPS_14_23_29		1
23	30	YDL167C_YPS_14_23_30		1
23	31	YBR094W_YPS_14_23_31		1
23	32	YDL046W_YPS_14_23_32		1
23	33	YBR204C_YPS_14_23_33		1
23	34	YDL162C_YPS_14_23_34		1
23	35	YBR093C_YPS_14_23_35		1
23	36	YDL041W_YPS_14_23_36		1
23	37	YBR203W_YPS_14_23_37		1
23	38	YDL161W_YPS_14_23_38		1
23	39	YBR092C_YPS_14_23_39		1
23	40	YDL040C_YPS_14_23_40		1
23	41	YBR201W_YPS_14_23_41		1
23	42	YDL160C_YPS_14_23_42		1
23	43	YBR090C-A_YPS_14_23_43		1
23	44	YDL039C_YPS_14_23_44		1
23	45	YBR200W_YPS_14_23_45		1
23	46	YDL159W_YPS_14_23_46		1
23	47	YOR202W_YPS_14_23_47		1
23	48	YOR202W_YPS_14_23_48		1
24	1	YOR202W_YPS_14_24_01		1
24	2	YOR202W_YPS_14_24_02		1
24	3	YDR279W_YPS_14_24_03		1
24	4	YER124C_YPS_14_24_04		1
24	5	YDR403W_YPS_14_24_05		1
24	6	YFL051C_YPS_14_24_06		1
24	7	YDR278C_YPS_14_24_07		1
24	8	YER123W_YPS_14_24_08		1
24	9	YDR402C_YPS_14_24_09		1
24	10	YFL050C_YPS_14_24_10		1
24	11	YDR277C_YPS_14_24_11		1
24	12	YER121W_YPS_14_24_12		1
24	13	YDR401W_YPS_14_24_13		1
24	14	YFL049W_YPS_14_24_14		1
24	15	YDR276C_YPS_14_24_15		1
24	16	YER120W_YPS_14_24_16		1
24	17	YDR400W_YPS_14_24_17		1
24	18	YFL048C_YPS_14_24_18		1
24	19	YDR275W_YPS_14_24_19		1
24	20	YER119C-A_YPS_14_24_20		1
24	21	YDR399W_YPS_14_24_21		1
24	22	YFL047W_YPS_14_24_22		1
24	23	YDR274C_YPS_14_24_23		1
24	24	YER119C_YPS_14_24_24		1
24	25	YDR395W_YPS_14_24_25		1
24	26	YFL046W_YPS_14_24_26		1
24	27	YDR273W_YPS_14_24_27		1
24	28	YER118C_YPS_14_24_28		1
24	29	YDR393W_YPS_14_24_29		1
24	30	YFL044C_YPS_14_24_30		1
24	31	YDR272W_YPS_14_24_31		1
24	32	YER117W_YPS_14_24_32		1
24	33	YDR392W_YPS_14_24_33		1
24	34	YFL043C_YPS_14_24_34		1
24	35	YDR270W_YPS_14_24_35		1
24	36	YER116C_YPS_14_24_36		1
24	37	YDR391C_YPS_14_24_37		1
24	38	YFL042C_YPS_14_24_38		1
24	39	YDR266C_YPS_14_24_39		1
24	40	YER115C_YPS_14_24_40		1
24	41	YDR389W_YPS_14_24_41		1
24	42	YFL041W_YPS_14_24_42		1
24	43	YDR265W_YPS_14_24_43		1
24	44	YER114C_YPS_14_24_44		1
24	45	YDR388W_YPS_14_24_45		1
24	46	YFL040W_YPS_14_24_46		1
24	47	YOR202W_YPS_14_24_47		1
24	48	YOR202W_YPS_14_24_48		1
25	1	YOR202W_YPS_14_25_01		1
25	2	YOR202W_YPS_14_25_02		1
25	3	YAR047C_YPS_14_25_03		1
25	4	YCL006C_YPS_14_25_04		1
25	5	YBR001C_YPS_14_25_05		1
25	6	YCR037C_YPS_14_25_06		1
25	7	YAR044W_YPS_14_25_07		1
25	8	YCL002C_YPS_14_25_08		1
25	9	YBL107C_YPS_14_25_09		1
25	10	YCR036W_YPS_14_25_10		1
25	11	YAR043C_YPS_14_25_11		1
25	12	YCL001W-A_YPS_14_25_12		1
25	13	YBL106C_YPS_14_25_13		1
25	14	YCR034W_YPS_14_25_14		1
25	15	YAR042W_YPS_14_25_15		1
25	16	YCL001W_YPS_14_25_16		1
25	17	YBL104C_YPS_14_25_17		1
25	18	YCR033W_YPS_14_25_18		1
25	19	YAR040C_YPS_14_25_19		1
25	20	YBR301W_YPS_14_25_20		1
25	21	YBL103C_YPS_14_25_21		1
25	22	YCR032W_YPS_14_25_22		1
25	23	YAR037W_YPS_14_25_23		1
25	24	YBR300C_YPS_14_25_24		1
25	25	YBL102W_YPS_14_25_25		1
25	26	YCR031C_YPS_14_25_26		1
25	27	YAR035W_YPS_14_25_27		1
25	28	YBR298C_YPS_14_25_28		1
25	29	YBL101C_YPS_14_25_29		1
25	30	YCR030C_YPS_14_25_30		1
25	31	YAR031W_YPS_14_25_31		1
25	32	YBR297W_YPS_14_25_32		1
25	33	YBL100C_YPS_14_25_33		1
25	34	YCR028C-A_YPS_14_25_34		1
25	35	YAR030C_YPS_14_25_35		1
25	36	YBR296C_YPS_14_25_36		1
25	37	YBL098W_YPS_14_25_37		1
25	38	YCR027C_YPS_14_25_38		1
25	39	YAR029W_YPS_14_25_39		1
25	40	YBR295W_YPS_14_25_40		1
25	41	YBL096C_YPS_14_25_41		1
25	42	YCR026C_YPS_14_25_42		1
25	43	YAR028W_YPS_14_25_43		1
25	44	YBR294W_YPS_14_25_44		1
25	45	YBL095W_YPS_14_25_45		1
25	46	YCR025C_YPS_14_25_46		1
25	47	YOR202W_YPS_14_25_47		1
25	48	YOR202W_YPS_14_25_48		1
26	1	YOR202W_YPS_14_26_01		1
26	2	YOR202W_YPS_14_26_02		1
26	3	YDR056C_YPS_14_26_03		1
26	4	YDR528W_YPS_14_26_04		1
26	5	YDR158W_YPS_14_26_05		1
26	6	YER032W_YPS_14_26_06		1
26	7	YDR055W_YPS_14_26_07		1
26	8	YDR525W-A_YPS_14_26_08		1
26	9	YDR157W_YPS_14_26_09		1
26	10	YER031C_YPS_14_26_10		1
26	11	YDR051C_YPS_14_26_11		1
26	12	YDR525W_YPS_14_26_12		1
26	13	YDR156W_YPS_14_26_13		1
26	14	YER030W_YPS_14_26_14		1
26	15	YDR049W_YPS_14_26_15		1
26	16	YDR524C_YPS_14_26_16		1
26	17	YDR155C_YPS_14_26_17		1
26	18	YER028C_YPS_14_26_18		1
26	19	YDR048C_YPS_14_26_19		1
26	20	YDR522C_YPS_14_26_20		1
26	21	YDR154C_YPS_14_26_21		1
26	22	YER027C_YPS_14_26_22		1
26	23	YDR025W_YPS_14_26_23		1
26	24	YDR520C_YPS_14_26_24		1
26	25	YDR153C_YPS_14_26_25		1
26	26	YER024W_YPS_14_26_26		1
26	27	YDR024W_YPS_14_26_27		1
26	28	YDR519W_YPS_14_26_28		1
26	29	YDR152W_YPS_14_26_29		1
26	30	YER020W_YPS_14_26_30		1
26	31	YDR022C_YPS_14_26_31		1
26	32	YDR517W_YPS_14_26_32		1
26	33	YDR151C_YPS_14_26_33		1
26	34	YER019W_YPS_14_26_34		1
26	35	YDR020C_YPS_14_26_35		1
26	36	YDR516C_YPS_14_26_36		1
26	37	YDR150W_YPS_14_26_37		1
26	38	YER019C-A_YPS_14_26_38		1
26	39	YDR019C_YPS_14_26_39		1
26	40	YDR514C_YPS_14_26_40		1
26	41	YDR149C_YPS_14_26_41		1
26	42	YER016W_YPS_14_26_42		1
26	43	YDR018C_YPS_14_26_43		1
26	44	YDR513W_YPS_14_26_44		1
26	45	YDR148C_YPS_14_26_45		1
26	46	YER011W_YPS_14_26_46		1
26	47	YOR202W_YPS_14_26_47		1
26	48	YOR202W_YPS_14_26_48		1
27	1	YOR202W_YPS_14_27_01		1
27	2	YOR202W_YPS_14_27_02		1
27	3	YBR121C_YPS_14_27_03		1
27	4	YDL077C_YPS_14_27_04		1
27	5	YBR223C_YPS_14_27_05		1
27	6	YDL184C_YPS_14_27_06		1
27	7	YBR119W_YPS_14_27_07		1
27	8	YDL076C_YPS_14_27_08		1
27	9	YBR222C_YPS_14_27_09		1
27	10	YDL183C_YPS_14_27_10		1
27	11	YBR116C_YPS_14_27_11		1
27	12	YDL074C_YPS_14_27_12		1
27	13	YBR221C_YPS_14_27_13		1
27	14	YDL182W_YPS_14_27_14		1
27	15	YBR115C_YPS_14_27_15		1
27	16	YDL071C_YPS_14_27_16		1
27	17	YBR220C_YPS_14_27_17		1
27	18	YDL181W_YPS_14_27_18		1
27	19	YBR114W_YPS_14_27_19		1
27	20	YDL070W_YPS_14_27_20		1
27	21	YBR219C_YPS_14_27_21		1
27	22	YDL180W_YPS_14_27_22		1
27	23	YBR113W_YPS_14_27_23		1
27	24	YDL066W_YPS_14_27_24		1
27	25	YBR218C_YPS_14_27_25		1
27	26	YDL179W_YPS_14_27_26		1
27	27	YBR111C_YPS_14_27_27		1
27	28	YDL065C_YPS_14_27_28		1
27	29	YBR217W_YPS_14_27_29		1
27	30	YDL178W_YPS_14_27_30		1
27	31	YBR108W_YPS_14_27_31		1
27	32	YDL062W_YPS_14_27_32		1
27	33	YBR216C_YPS_14_27_33		1
27	34	YDL177C_YPS_14_27_34		1
27	35	YBR107C_YPS_14_27_35		1
27	36	YDL061C_YPS_14_27_36		1
27	37	YBR215W_YPS_14_27_37		1
27	38	YDL176W_YPS_14_27_38		1
27	39	YBR106W_YPS_14_27_39		1
27	40	YDL059C_YPS_14_27_40		1
27	41	YBR214W_YPS_14_27_41		1
27	42	YDL175C_YPS_14_27_42		1
27	43	YBR105C_YPS_14_27_43		1
27	44	YDL056W_YPS_14_27_44		1
27	45	YBR213W_YPS_14_27_45		1
27	46	YDL174C_YPS_14_27_46		1
27	47	YOR202W_YPS_14_27_47		1
27	48	YOR202W_YPS_14_27_48		1
28	1	YOR202W_YPS_14_28_01		1
28	2	YOR202W_YPS_14_28_02		1
28	3	YDR297W_YPS_14_28_03		1
28	4	YER142C_YPS_14_28_04		1
28	5	YDR422C_YPS_14_28_05		1
28	6	YFR011C_YPS_14_28_06		1
28	7	YDR294C_YPS_14_28_07		1
28	8	YER140W_YPS_14_28_08		1
28	9	YDR421W_YPS_14_28_09		1
28	10	YFR010W_YPS_14_28_10		1
28	11	YDR293C_YPS_14_28_11		1
28	12	YER139C_YPS_14_28_12		1
28	13	YDR420W_YPS_14_28_13		1
28	14	YFR009W_YPS_14_28_14		1
28	15	YDR291W_YPS_14_28_15		1
28	16	YER137C_YPS_14_28_16		1
28	17	YDR419W_YPS_14_28_17		1
28	18	YFR008W_YPS_14_28_18		1
28	19	YDR289C_YPS_14_28_19		1
28	20	YER135C_YPS_14_28_20		1
28	21	YDR415C_YPS_14_28_21		1
28	22	YFR007W_YPS_14_28_22		1
28	23	YDR287W_YPS_14_28_23		1
28	24	YER134C_YPS_14_28_24		1
28	25	YDR414C_YPS_14_28_25		1
28	26	YFR006W_YPS_14_28_26		1
28	27	YDR286C_YPS_14_28_27		1
28	28	YER132C_YPS_14_28_28		1
28	29	YDR411C_YPS_14_28_29		1
28	30	YFL056C_YPS_14_28_30		1
28	31	YDR285W_YPS_14_28_31		1
28	32	YER131W_YPS_14_28_32		1
28	33	YDR410C_YPS_14_28_33		1
28	34	YFL055W_YPS_14_28_34		1
28	35	YDR284C_YPS_14_28_35		1
28	36	YER130C_YPS_14_28_36		1
28	37	YDR409W_YPS_14_28_37		1
28	38	YFL054C_YPS_14_28_38		1
28	39	YDR282C_YPS_14_28_39		1
28	40	YER129W_YPS_14_28_40		1
28	41	YDR408C_YPS_14_28_41		1
28	42	YFL053W_YPS_14_28_42		1
28	43	YDR281C_YPS_14_28_43		1
28	44	YER128W_YPS_14_28_44		1
28	45	YDR406W_YPS_14_28_45		1
28	46	YFL052W_YPS_14_28_46		1
28	47	YOR202W_YPS_14_28_47		1
28	48	YOR202W_YPS_14_28_48		1
29	1	YOR202W_YPS_14_29_01		1
29	2	YOR202W_YPS_14_29_02		1
29	3	YBL015W_YPS_14_29_03		1
29	4	YCL025C_YPS_14_29_04		1
29	5	YBR016W_YPS_14_29_05		1
29	6	YCR061W_YPS_14_29_06		1
29	7	YBL013W_YPS_14_29_07		1
29	8	YCL024W_YPS_14_29_08		1
29	9	YBR015C_YPS_14_29_09		1
29	10	YCR060W_YPS_14_29_10		1
29	11	YBL011W_YPS_14_29_11		1
29	12	YCL023C_YPS_14_29_12		1
29	13	YBR014C_YPS_14_29_13		1
29	14	YCR059C_YPS_14_29_14		1
29	15	YBL010C_YPS_14_29_15		1
29	16	YCL022C_YPS_14_29_16		1
29	17	YBR013C_YPS_14_29_17		1
29	18	YCR053W_YPS_14_29_18		1
29	19	YBL009W_YPS_14_29_19		1
29	20	YCL016C_YPS_14_29_20		1
29	21	YBR012C_YPS_14_29_21		1
29	22	YCR051W_YPS_14_29_22		1
29	23	YBL008W_YPS_14_29_23		1
29	24	YCL014W_YPS_14_29_24		1
29	25	YBR010W_YPS_14_29_25		1
29	26	YCR050C_YPS_14_29_26		1
29	27	YBL007C_YPS_14_29_27		1
29	28	YCL013W_YPS_14_29_28		1
29	29	YBR009C_YPS_14_29_29		1
29	30	YCR049C_YPS_14_29_30		1
29	31	YBL005W_YPS_14_29_31		1
29	32	YCL012W_YPS_14_29_32		1
29	33	YBR008C_YPS_14_29_33		1
29	34	YCR048W_YPS_14_29_34		1
29	35	YBL003C_YPS_14_29_35		1
29	36	YCL011C_YPS_14_29_36		1
29	37	YBR007C_YPS_14_29_37		1
29	38	YCR045C_YPS_14_29_38		1
29	39	YBL001C_YPS_14_29_39		1
29	40	YCL010C_YPS_14_29_40		1
29	41	YBR006W_YPS_14_29_41		1
29	42	YCR044C_YPS_14_29_42		1
29	43	YAR050W_YPS_14_29_43		1
29	44	YCL009C_YPS_14_29_44		1
29	45	YBR005W_YPS_14_29_45		1
29	46	YCR043C_YPS_14_29_46		1
29	47	YOR202W_YPS_14_29_47		1
29	48	YOR202W_YPS_14_29_48		1
30	1	YOR202W_YPS_14_30_01		1
30	2	YOR202W_YPS_14_30_02		1
30	3	YDR072C_YPS_14_30_03		1
30	4	YDR541C_YPS_14_30_04		1
30	5	YDR179C_YPS_14_30_05		1
30	6	YER046W_YPS_14_30_06		1
30	7	YDR071C_YPS_14_30_07		1
30	8	YDR540C_YPS_14_30_08		1
30	9	YDR178W_YPS_14_30_09		1
30	10	YER045C_YPS_14_30_10		1
30	11	YDR070C_YPS_14_30_11		1
30	12	YDR539W_YPS_14_30_12		1
30	13	YDR174W_YPS_14_30_13		1
30	14	YER044C-A_YPS_14_30_14		1
30	15	YDR068W_YPS_14_30_15		1
30	16	YDR538W_YPS_14_30_16		1
30	17	YDR173C_YPS_14_30_17		1
30	18	YER042W_YPS_14_30_18		1
30	19	YDR067C_YPS_14_30_19		1
30	20	YDR537C_YPS_14_30_20		1
30	21	YDR171W_YPS_14_30_21		1
30	22	YER039C-A_YPS_14_30_22		1
30	23	YDR066C_YPS_14_30_23		1
30	24	YDR536W_YPS_14_30_24		1
30	25	YDR169C_YPS_14_30_25		1
30	26	YER041W_YPS_14_30_26		1
30	27	YDR063W_YPS_14_30_27		1
30	28	YDR535C_YPS_14_30_28		1
30	29	YDR165W_YPS_14_30_29		1
30	30	YER039C_YPS_14_30_30		1
30	31	YDR061W_YPS_14_30_31		1
30	32	YDR534C_YPS_14_30_32		1
30	33	YDR163W_YPS_14_30_33		1
30	34	YER038W-A_YPS_14_30_34		1
30	35	YDR059C_YPS_14_30_35		1
30	36	YDR533C_YPS_14_30_36		1
30	37	YDR162C_YPS_14_30_37		1
30	38	YER035W_YPS_14_30_38		1
30	39	YDR058C_YPS_14_30_39		1
30	40	YDR532C_YPS_14_30_40		1
30	41	YDR161W_YPS_14_30_41		1
30	42	YER034W_YPS_14_30_42		1
30	43	YDR057W_YPS_14_30_43		1
30	44	YDR530C_YPS_14_30_44		1
30	45	YDR159W_YPS_14_30_45		1
30	46	YER033C_YPS_14_30_46		1
30	47	YOR202W_YPS_14_30_47		1
30	48	YOR202W_YPS_14_30_48		1
31	1	YOR202W_YPS_14_31_01		1
31	2	YOR202W_YPS_14_31_02		1
31	3	YOR202W_YPS_14_31_03		1
31	4	YOR202W_YPS_14_31_04		1
31	5	YOR202W_YPS_14_31_05		1
31	6	YOR202W_YPS_14_31_06		1
31	7	YOR202W_YPS_14_31_07		1
31	8	YOR202W_YPS_14_31_08		1
31	9	YOR202W_YPS_14_31_09		1
31	10	YOR202W_YPS_14_31_10		1
31	11	YOR202W_YPS_14_31_11		1
31	12	YOR202W_YPS_14_31_12		1
31	13	YOR202W_YPS_14_31_13		1
31	14	YOR202W_YPS_14_31_14		1
31	15	YOR202W_YPS_14_31_15		1
31	16	YOR202W_YPS_14_31_16		1
31	17	YOR202W_YPS_14_31_17		1
31	18	YOR202W_YPS_14_31_18		1
31	19	YOR202W_YPS_14_31_19		1
31	20	YOR202W_YPS_14_31_20		1
31	21	YOR202W_YPS_14_31_21		1
31	22	YOR202W_YPS_14_31_22		1
31	23	YOR202W_YPS_14_31_23		1
31	24	YOR202W_YPS_14_31_24		1
31	25	YOR202W_YPS_14_31_25		1
31	26	YOR202W_YPS_14_31_26		1
31	27	YOR202W_YPS_14_31_27		1
31	28	YOR202W_YPS_14_31_28		1
31	29	YOR202W_YPS_14_31_29		1
31	30	YOR202W_YPS_14_31_30		1
31	31	YOR202W_YPS_14_31_31		1
31	32	YOR202W_YPS_14_31_32		1
31	33	YOR202W_YPS_14_31_33		1
31	34	YOR202W_YPS_14_31_34		1
31	35	YOR202W_YPS_14_31_35		1
31	36	YOR202W_YPS_14_31_36		1
31	37	YOR202W_YPS_14_31_37		1
31	38	YOR202W_YPS_14_31_38		1
31	39	YOR202W_YPS_14_31_39		1
31	40	YOR202W_YPS_14_31_40		1
31	41	YOR202W_YPS_14_31_41		1
31	42	YOR202W_YPS_14_31_42		1
31	43	YOR202W_YPS_14_31_43		1
31	44	YOR202W_YPS_14_31_44		1
31	45	YOR202W_YPS_14_31_45		1
31	46	YOR202W_YPS_14_31_46		1
31	47	YOR202W_YPS_14_31_47		1
31	48	YOR202W_YPS_14_31_48		1
32	1	YOR202W_YPS_14_32_01		1
32	2	YOR202W_YPS_14_32_02		1
32	3	YOR202W_YPS_14_32_03		1
32	4	YOR202W_YPS_14_32_04		1
32	5	YOR202W_YPS_14_32_05		1
32	6	YOR202W_YPS_14_32_06		1
32	7	YOR202W_YPS_14_32_07		1
32	8	YOR202W_YPS_14_32_08		1
32	9	YOR202W_YPS_14_32_09		1
32	10	YOR202W_YPS_14_32_10		1
32	11	YOR202W_YPS_14_32_11		1
32	12	YOR202W_YPS_14_32_12		1
32	13	YOR202W_YPS_14_32_13		1
32	14	YOR202W_YPS_14_32_14		1
32	15	YOR202W_YPS_14_32_15		1
32	16	YOR202W_YPS_14_32_16		1
32	17	YOR202W_YPS_14_32_17		1
32	18	YOR202W_YPS_14_32_18		1
32	19	YOR202W_YPS_14_32_19		1
32	20	YOR202W_YPS_14_32_20		1
32	21	YOR202W_YPS_14_32_21		1
32	22	YOR202W_YPS_14_32_22		1
32	23	YOR202W_YPS_14_32_23		1
32	24	YOR202W_YPS_14_32_24		1
32	25	YOR202W_YPS_14_32_25		1
32	26	YOR202W_YPS_14_32_26		1
32	27	YOR202W_YPS_14_32_27		1
32	28	YOR202W_YPS_14_32_28		1
32	29	YOR202W_YPS_14_32_29		1
32	30	YOR202W_YPS_14_32_30		1
32	31	YOR202W_YPS_14_32_31		1
32	32	YOR202W_YPS_14_32_32		1
32	33	YOR202W_YPS_14_32_33		1
32	34	YOR202W_YPS_14_32_34		1
32	35	YOR202W_YPS_14_32_35		1
32	36	YOR202W_YPS_14_32_36		1
32	37	YOR202W_YPS_14_32_37		1
32	38	YOR202W_YPS_14_32_38		1
32	39	YOR202W_YPS_14_32_39		1
32	40	YOR202W_YPS_14_32_40		1
32	41	YOR202W_YPS_14_32_41		1
32	42	YOR202W_YPS_14_32_42		1
32	43	YOR202W_YPS_14_32_43		1
32	44	YOR202W_YPS_14_32_44		1
32	45	YOR202W_YPS_14_32_45		1
32	46	YOR202W_YPS_14_32_46		1
32	47	YOR202W_YPS_14_32_47		1
32	48	YOR202W_YPS_14_32_48		1
