Row	Column	Strain	Info	Normalization_group
1	1	YOR202W_YPS_16_01_01		1
1	2	YOR202W_YPS_16_01_02		1
1	3	YOR202W_YPS_16_01_03		1
1	4	YOR202W_YPS_16_01_04		1
1	5	YOR202W_YPS_16_01_05		1
1	6	YOR202W_YPS_16_01_06		1
1	7	YOR202W_YPS_16_01_07		1
1	8	YOR202W_YPS_16_01_08		1
1	9	YOR202W_YPS_16_01_09		1
1	10	YOR202W_YPS_16_01_10		1
1	11	YOR202W_YPS_16_01_11		1
1	12	YOR202W_YPS_16_01_12		1
1	13	YOR202W_YPS_16_01_13		1
1	14	YOR202W_YPS_16_01_14		1
1	15	YOR202W_YPS_16_01_15		1
1	16	YOR202W_YPS_16_01_16		1
1	17	YOR202W_YPS_16_01_17		1
1	18	YOR202W_YPS_16_01_18		1
1	19	YOR202W_YPS_16_01_19		1
1	20	YOR202W_YPS_16_01_20		1
1	21	YOR202W_YPS_16_01_21		1
1	22	YOR202W_YPS_16_01_22		1
1	23	YOR202W_YPS_16_01_23		1
1	24	YOR202W_YPS_16_01_24		1
1	25	YOR202W_YPS_16_01_25		1
1	26	YOR202W_YPS_16_01_26		1
1	27	YOR202W_YPS_16_01_27		1
1	28	YOR202W_YPS_16_01_28		1
1	29	YOR202W_YPS_16_01_29		1
1	30	YOR202W_YPS_16_01_30		1
1	31	YOR202W_YPS_16_01_31		1
1	32	YOR202W_YPS_16_01_32		1
1	33	YOR202W_YPS_16_01_33		1
1	34	YOR202W_YPS_16_01_34		1
1	35	YOR202W_YPS_16_01_35		1
1	36	YOR202W_YPS_16_01_36		1
1	37	YOR202W_YPS_16_01_37		1
1	38	YOR202W_YPS_16_01_38		1
1	39	YOR202W_YPS_16_01_39		1
1	40	YOR202W_YPS_16_01_40		1
1	41	YOR202W_YPS_16_01_41		1
1	42	YOR202W_YPS_16_01_42		1
1	43	YOR202W_YPS_16_01_43		1
1	44	YOR202W_YPS_16_01_44		1
1	45	YOR202W_YPS_16_01_45		1
1	46	YOR202W_YPS_16_01_46		1
1	47	YOR202W_YPS_16_01_47		1
1	48	YOR202W_YPS_16_01_48		1
2	1	YOR202W_YPS_16_02_01		1
2	2	YOR202W_YPS_16_02_02		1
2	3	YOR202W_YPS_16_02_03		1
2	4	YOR202W_YPS_16_02_04		1
2	5	YOR202W_YPS_16_02_05		1
2	6	YOR202W_YPS_16_02_06		1
2	7	YOR202W_YPS_16_02_07		1
2	8	YOR202W_YPS_16_02_08		1
2	9	YOR202W_YPS_16_02_09		1
2	10	YOR202W_YPS_16_02_10		1
2	11	YOR202W_YPS_16_02_11		1
2	12	YOR202W_YPS_16_02_12		1
2	13	YOR202W_YPS_16_02_13		1
2	14	YOR202W_YPS_16_02_14		1
2	15	YOR202W_YPS_16_02_15		1
2	16	YOR202W_YPS_16_02_16		1
2	17	YOR202W_YPS_16_02_17		1
2	18	YOR202W_YPS_16_02_18		1
2	19	YOR202W_YPS_16_02_19		1
2	20	YOR202W_YPS_16_02_20		1
2	21	YOR202W_YPS_16_02_21		1
2	22	YOR202W_YPS_16_02_22		1
2	23	YOR202W_YPS_16_02_23		1
2	24	YOR202W_YPS_16_02_24		1
2	25	YOR202W_YPS_16_02_25		1
2	26	YOR202W_YPS_16_02_26		1
2	27	YOR202W_YPS_16_02_27		1
2	28	YOR202W_YPS_16_02_28		1
2	29	YOR202W_YPS_16_02_29		1
2	30	YOR202W_YPS_16_02_30		1
2	31	YOR202W_YPS_16_02_31		1
2	32	YOR202W_YPS_16_02_32		1
2	33	YOR202W_YPS_16_02_33		1
2	34	YOR202W_YPS_16_02_34		1
2	35	YOR202W_YPS_16_02_35		1
2	36	YOR202W_YPS_16_02_36		1
2	37	YOR202W_YPS_16_02_37		1
2	38	YOR202W_YPS_16_02_38		1
2	39	YOR202W_YPS_16_02_39		1
2	40	YOR202W_YPS_16_02_40		1
2	41	YOR202W_YPS_16_02_41		1
2	42	YOR202W_YPS_16_02_42		1
2	43	YOR202W_YPS_16_02_43		1
2	44	YOR202W_YPS_16_02_44		1
2	45	YOR202W_YPS_16_02_45		1
2	46	YOR202W_YPS_16_02_46		1
2	47	YOR202W_YPS_16_02_47		1
2	48	YOR202W_YPS_16_02_48		1
3	1	YOR202W_YPS_16_03_01		1
3	2	YOR202W_YPS_16_03_02		1
3	3	YLR217W_YPS_16_03_03		1
3	4	YMR044W_YPS_16_03_04		1
3	5	YLR330W_YPS_16_03_05		1
3	6	YMR158C-B_YPS_16_03_06		1
3	7	YLR216C_YPS_16_03_07		1
3	8	YMR042W_YPS_16_03_08		1
3	9	YLR329W_YPS_16_03_09		1
3	10	YMR157C_YPS_16_03_10		1
3	11	YLR214W_YPS_16_03_11		1
3	12	YMR041C_YPS_16_03_12		1
3	13	YLR328W_YPS_16_03_13		1
3	14	YMR156C_YPS_16_03_14		1
3	15	YLR213C_YPS_16_03_15		1
3	16	YMR040W_YPS_16_03_16		1
3	17	YLR327C_YPS_16_03_17		1
3	18	YMR155W_YPS_16_03_18		1
3	19	YLR211C_YPS_16_03_19		1
3	20	YMR039C_YPS_16_03_20		1
3	21	YLR326W_YPS_16_03_21		1
3	22	YMR154C_YPS_16_03_22		1
3	23	YLR210W_YPS_16_03_23		1
3	24	YMR038C_YPS_16_03_24		1
3	25	YLR325C_YPS_16_03_25		1
3	26	YMR153W_YPS_16_03_26		1
3	27	YLR209C_YPS_16_03_27		1
3	28	YMR037C_YPS_16_03_28		1
3	29	YLR324W_YPS_16_03_29		1
3	30	YMR153C-A_YPS_16_03_30		1
3	31	YLR207W_YPS_16_03_31		1
3	32	YMR036C_YPS_16_03_32		1
3	33	YLR320W_YPS_16_03_33		1
3	34	YMR152W_YPS_16_03_34		1
3	35	YLR206W_YPS_16_03_35		1
3	36	YMR035W_YPS_16_03_36		1
3	37	YLR319C_YPS_16_03_37		1
3	38	YMR148W_YPS_16_03_38		1
3	39	YLR205C_YPS_16_03_39		1
3	40	YMR034C_YPS_16_03_40		1
3	41	YLR318W_YPS_16_03_41		1
3	42	YMR147W_YPS_16_03_42		1
3	43	YLR200W_YPS_16_03_43		1
3	44	YMR031W-A_YPS_16_03_44		1
3	45	YLR315W_YPS_16_03_45		1
3	46	YMR145C_YPS_16_03_46		1
3	47	YOR202W_YPS_16_03_47		1
3	48	YOR202W_YPS_16_03_48		1
4	1	YOR202W_YPS_16_04_01		1
4	2	YOR202W_YPS_16_04_02		1
4	3	YNL146W_YPS_16_04_03		1
4	4	YOR006C_YPS_16_04_04		1
4	5	YNL274C_YPS_16_04_05		1
4	6	YOR097C_YPS_16_04_06		1
4	7	YNL145W_YPS_16_04_07		1
4	8	YOR005C_YPS_16_04_08		1
4	9	YNL273W_YPS_16_04_09		1
4	10	YOR094W_YPS_16_04_10		1
4	11	YNL144C_YPS_16_04_11		1
4	12	YOR003W_YPS_16_04_12		1
4	13	YNL271C_YPS_16_04_13		1
4	14	YOR093C_YPS_16_04_14		1
4	15	YNL143C_YPS_16_04_15		1
4	16	YOR002W_YPS_16_04_16		1
4	17	YNL270C_YPS_16_04_17		1
4	18	YOR092W_YPS_16_04_18		1
4	19	YNL142W_YPS_16_04_19		1
4	20	YOR001W_YPS_16_04_20		1
4	21	YNL268W_YPS_16_04_21		1
4	22	YOR091W_YPS_16_04_22		1
4	23	YNL141W_YPS_16_04_23		1
4	24	YOL163W_YPS_16_04_24		1
4	25	YNL266W_YPS_16_04_25		1
4	26	YOR090C_YPS_16_04_26		1
4	27	YNL140C_YPS_16_04_27		1
4	28	YOL162W_YPS_16_04_28		1
4	29	YNL265C_YPS_16_04_29		1
4	30	YOR089C_YPS_16_04_30		1
4	31	YNL136W_YPS_16_04_31		1
4	32	YOL160W_YPS_16_04_32		1
4	33	YNL259C_YPS_16_04_33		1
4	34	YOR088W_YPS_16_04_34		1
4	35	YNL135C_YPS_16_04_35		1
4	36	YOL159C_YPS_16_04_36		1
4	37	YNL257C_YPS_16_04_37		1
4	38	YOR087W_YPS_16_04_38		1
4	39	YNL134C_YPS_16_04_39		1
4	40	YOL158C_YPS_16_04_40		1
4	41	YNL255C_YPS_16_04_41		1
4	42	YOR086C_YPS_16_04_42		1
4	43	YNL130C_YPS_16_04_43		1
4	44	YOL155C_YPS_16_04_44		1
4	45	YNL254C_YPS_16_04_45		1
4	46	YOR085W_YPS_16_04_46		1
4	47	YOR202W_YPS_16_04_47		1
4	48	YOR202W_YPS_16_04_48		1
5	1	YOR202W_YPS_16_05_01		1
5	2	YOR202W_YPS_16_05_02		1
5	3	YLL057C_YPS_16_05_03		1
5	4	YLR428C_YPS_16_05_04		1
5	5	YLR098C_YPS_16_05_05		1
5	6	YML062C_YPS_16_05_06		1
5	7	YLL056C_YPS_16_05_07		1
5	8	YLR427W_YPS_16_05_08		1
5	9	YLR097C_YPS_16_05_09		1
5	10	YML060W_YPS_16_05_10		1
5	11	YLL055W_YPS_16_05_11		1
5	12	YLR426W_YPS_16_05_12		1
5	13	YLR096W_YPS_16_05_13		1
5	14	YML059C_YPS_16_05_14		1
5	15	YLL054C_YPS_16_05_15		1
5	16	YLR425W_YPS_16_05_16		1
5	17	YLR095C_YPS_16_05_17		1
5	18	YML058W_YPS_16_05_18		1
5	19	YLL053C_YPS_16_05_19		1
5	20	YLR423C_YPS_16_05_20		1
5	21	YLR094C_YPS_16_05_21		1
5	22	YML058C-A_YPS_16_05_22		1
5	23	YLL052C_YPS_16_05_23		1
5	24	YLR422W_YPS_16_05_24		1
5	25	YLR093C_YPS_16_05_25		1
5	26	YML057W_YPS_16_05_26		1
5	27	YLL051C_YPS_16_05_27		1
5	28	YLR421C_YPS_16_05_28		1
5	29	YLR092W_YPS_16_05_29		1
5	30	YML056C_YPS_16_05_30		1
5	31	YLL049W_YPS_16_05_31		1
5	32	YLR420W_YPS_16_05_32		1
5	33	YLR091W_YPS_16_05_33		1
5	34	YML055W_YPS_16_05_34		1
5	35	YLL048C_YPS_16_05_35		1
5	36	YLR418C_YPS_16_05_36		1
5	37	YLR090W_YPS_16_05_37		1
5	38	YML054C_YPS_16_05_38		1
5	39	YLL047W_YPS_16_05_39		1
5	40	YLR416C_YPS_16_05_40		1
5	41	YLR089C_YPS_16_05_41		1
5	42	YML053C_YPS_16_05_42		1
5	43	YLL046C_YPS_16_05_43		1
5	44	YLR415C_YPS_16_05_44		1
5	45	YLR087C_YPS_16_05_45		1
5	46	YML052W_YPS_16_05_46		1
5	47	YOR202W_YPS_16_05_47		1
5	48	YOR202W_YPS_16_05_48		1
6	1	YOR202W_YPS_16_06_01		1
6	2	YOR202W_YPS_16_06_02		1
6	3	YMR255W_YPS_16_06_03		1
6	4	YNR031C_YPS_16_06_04		1
6	5	YNL035C_YPS_16_06_05		1
6	6	YOL055C_YPS_16_06_06		1
6	7	YMR254C_YPS_16_06_07		1
6	8	YNR030W_YPS_16_06_08		1
6	9	YNL034W_YPS_16_06_09		1
6	10	YOL054W_YPS_16_06_10		1
6	11	YMR253C_YPS_16_06_11		1
6	12	YNR029C_YPS_16_06_12		1
6	13	YNL032W_YPS_16_06_13		1
6	14	YOL053W_YPS_16_06_14		1
6	15	YMR252C_YPS_16_06_15		1
6	16	YNR028W_YPS_16_06_16		1
6	17	YNL031C_YPS_16_06_17		1
6	18	YOL053C-A_YPS_16_06_18		1
6	19	YMR251W-A_YPS_16_06_19		1
6	20	YNR027W_YPS_16_06_20		1
6	21	YNL030W_YPS_16_06_21		1
6	22	YOL052C_YPS_16_06_22		1
6	23	YMR251W_YPS_16_06_23		1
6	24	YNR025C_YPS_16_06_24		1
6	25	YNL029C_YPS_16_06_25		1
6	26	YOL050C_YPS_16_06_26		1
6	27	YMR250W_YPS_16_06_27		1
6	28	YNR024W_YPS_16_06_28		1
6	29	YNL028W_YPS_16_06_29		1
6	30	YOL049W_YPS_16_06_30		1
6	31	YMR247C_YPS_16_06_31		1
6	32	YNR022C_YPS_16_06_32		1
6	33	YNL027W_YPS_16_06_33		1
6	34	YOL048C_YPS_16_06_34		1
6	35	YMR246W_YPS_16_06_35		1
6	36	YNR021W_YPS_16_06_36		1
6	37	YNL024C_YPS_16_06_37		1
6	38	YOL047C_YPS_16_06_38		1
6	39	YMR245W_YPS_16_06_39		1
6	40	YNR020C_YPS_16_06_40		1
6	41	YNL023C_YPS_16_06_41		1
6	42	YOL046C_YPS_16_06_42		1
6	43	YMR244W_YPS_16_06_43		1
6	44	YNR019W_YPS_16_06_44		1
6	45	YNL022C_YPS_16_06_45		1
6	46	YOL045W_YPS_16_06_46		1
6	47	YOR202W_YPS_16_06_47		1
6	48	YOR202W_YPS_16_06_48		1
7	1	YOR202W_YPS_16_07_01		1
7	2	YOR202W_YPS_16_07_02		1
7	3	YLR234W_YPS_16_07_03		1
7	4	YMR063W_YPS_16_07_04		1
7	5	YLR345W_YPS_16_07_05		1
7	6	YMR170C_YPS_16_07_06		1
7	7	YLR233C_YPS_16_07_07		1
7	8	YMR060C_YPS_16_07_08		1
7	9	YLR344W_YPS_16_07_09		1
7	10	YMR169c_YPS_16_07_10		1
7	11	YLR232W_YPS_16_07_11		1
7	12	YMR058W_YPS_16_07_12		1
7	13	YLR343W_YPS_16_07_13		1
7	14	YMR167W_YPS_16_07_14		1
7	15	YLR231C_YPS_16_07_15		1
7	16	YMR057C_YPS_16_07_16		1
7	17	YLR342W_YPS_16_07_17		1
7	18	YMR166C_YPS_16_07_18		1
7	19	YLR228C_YPS_16_07_19		1
7	20	YMR056C_YPS_16_07_20		1
7	21	YLR341W_YPS_16_07_21		1
7	22	YMR164C_YPS_16_07_22		1
7	23	YLR225C_YPS_16_07_23		1
7	24	YMR055C_YPS_16_07_24		1
7	25	YLR338W_YPS_16_07_25		1
7	26	YMR163C_YPS_16_07_26		1
7	27	YLR224W_YPS_16_07_27		1
7	28	YMR054W_YPS_16_07_28		1
7	29	YLR337C_YPS_16_07_29		1
7	30	YMR162C_YPS_16_07_30		1
7	31	YLR221C_YPS_16_07_31		1
7	32	YMR053C_YPS_16_07_32		1
7	33	YLR335W_YPS_16_07_33		1
7	34	YMR161W_YPS_16_07_34		1
7	35	YLR220W_YPS_16_07_35		1
7	36	YMR052W_YPS_16_07_36		1
7	37	YLR334C_YPS_16_07_37		1
7	38	YMR160W_YPS_16_07_38		1
7	39	YLR219W_YPS_16_07_39		1
7	40	YMR052C-A_YPS_16_07_40		1
7	41	YLR333C_YPS_16_07_41		1
7	42	YMR159C_YPS_16_07_42		1
7	43	YLR218C_YPS_16_07_43		1
7	44	YMR048W_YPS_16_07_44		1
7	45	YLR332W_YPS_16_07_45		1
7	46	YMR158W-A_YPS_16_07_46		1
7	47	YOR202W_YPS_16_07_47		1
7	48	YOR202W_YPS_16_07_48		1
8	1	YOR202W_YPS_16_08_01		1
8	2	YOR202W_YPS_16_08_02		1
8	3	YNL167C_YPS_16_08_03		1
8	4	YOR016C_YPS_16_08_04		1
8	5	YNL289W_YPS_16_08_05		1
8	6	YOR112W_YPS_16_08_06		1
8	7	YNL166C_YPS_16_08_07		1
8	8	YOR015W_YPS_16_08_08		1
8	9	YNL288W_YPS_16_08_09		1
8	10	YOR111W_YPS_16_08_10		1
8	11	YNL165W_YPS_16_08_11		1
8	12	YOR014W_YPS_16_08_12		1
8	13	YNL286W_YPS_16_08_13		1
8	14	YOR109W_YPS_16_08_14		1
8	15	YNL164C_YPS_16_08_15		1
8	16	YOR013W_YPS_16_08_16		1
8	17	YNL285W_YPS_16_08_17		1
8	18	YOR108W_YPS_16_08_18		1
8	19	YNL162W_YPS_16_08_19		1
8	20	YOR012W_YPS_16_08_20		1
8	21	YNL283C_YPS_16_08_21		1
8	22	YOR107W_YPS_16_08_22		1
8	23	YNL159C_YPS_16_08_23		1
8	24	YOR011W_YPS_16_08_24		1
8	25	YNL281W_YPS_16_08_25		1
8	26	YOR106W_YPS_16_08_26		1
8	27	YNL157W_YPS_16_08_27		1
8	28	YOR010C_YPS_16_08_28		1
8	29	YNL280C_YPS_16_08_29		1
8	30	YOR105W_YPS_16_08_30		1
8	31	YNL156C_YPS_16_08_31		1
8	32	YOR009W_YPS_16_08_32		1
8	33	YNL279W_YPS_16_08_33		1
8	34	YOR104W_YPS_16_08_34		1
8	35	YNL155W_YPS_16_08_35		1
8	36	YOR008C-A_YPS_16_08_36		1
8	37	YNL278W_YPS_16_08_37		1
8	38	YOR101W_YPS_16_08_38		1
8	39	YNL154C_YPS_16_08_39		1
8	40	YOR008C_YPS_16_08_40		1
8	41	YNL277W_YPS_16_08_41		1
8	42	YOR100C_YPS_16_08_42		1
8	43	YNL153C_YPS_16_08_43		1
8	44	YOR007C_YPS_16_08_44		1
8	45	YNL275W_YPS_16_08_45		1
8	46	YOR099W_YPS_16_08_46		1
8	47	YOR202W_YPS_16_08_47		1
8	48	YOR202W_YPS_16_08_48		1
9	1	YOR202W_YPS_16_09_01		1
9	2	YOR202W_YPS_16_09_02		1
9	3	YLR011W_YPS_16_09_03		1
9	4	YLR442C_YPS_16_09_04		1
9	5	YLR114C_YPS_16_09_05		1
9	6	YML081C-A_YPS_16_09_06		1
9	7	YLR006C_YPS_16_09_07		1
9	8	YLR441C_YPS_16_09_08		1
9	9	YLR113W_YPS_16_09_09		1
9	10	YML076C_YPS_16_09_10		1
9	11	YLR004C_YPS_16_09_11		1
9	12	YLR438W_YPS_16_09_12		1
9	13	YLR112W_YPS_16_09_13		1
9	14	YML075C_YPS_16_09_14		1
9	15	YLR003C_YPS_16_09_15		1
9	16	YLR437C_YPS_16_09_16		1
9	17	YLR111W_YPS_16_09_17		1
9	18	YML074C_YPS_16_09_18		1
9	19	YLR001C_YPS_16_09_19		1
9	20	YLR436C_YPS_16_09_20		1
9	21	YLR110C_YPS_16_09_21		1
9	22	YML072C_YPS_16_09_22		1
9	23	YLL063C_YPS_16_09_23		1
9	24	YLR435W_YPS_16_09_24		1
9	25	YLR109W_YPS_16_09_25		1
9	26	YML071C_YPS_16_09_26		1
9	27	YLL062C_YPS_16_09_27		1
9	28	YLR434C_YPS_16_09_28		1
9	29	YLR108C_YPS_16_09_29		1
9	30	YML070W_YPS_16_09_30		1
9	31	YLL061W_YPS_16_09_31		1
9	32	YLR433C_YPS_16_09_32		1
9	33	YLR107W_YPS_16_09_33		1
9	34	YML068W_YPS_16_09_34		1
9	35	YLL060C_YPS_16_09_35		1
9	36	YLR432W_YPS_16_09_36		1
9	37	YLR104W_YPS_16_09_37		1
9	38	YML067C_YPS_16_09_38		1
9	39	YLL059C_YPS_16_09_39		1
9	40	YLR431C_YPS_16_09_40		1
9	41	YLR102C_YPS_16_09_41		1
9	42	YML066C_YPS_16_09_42		1
9	43	YLL058W_YPS_16_09_43		1
9	44	YLR429W_YPS_16_09_44		1
9	45	YLR099C_YPS_16_09_45		1
9	46	YML063W_YPS_16_09_46		1
9	47	YOR202W_YPS_16_09_47		1
9	48	YOR202W_YPS_16_09_48		1
10	1	YOR202W_YPS_16_10_01		1
10	2	YOR202W_YPS_16_10_02		1
10	3	YMR271C_YPS_16_10_03		1
10	4	YNR050C_YPS_16_10_04		1
10	5	YNL052W_YPS_16_10_05		1
10	6	YOL067C_YPS_16_10_06		1
10	7	YMR269W_YPS_16_10_07		1
10	8	YNR049C_YPS_16_10_08		1
10	9	YNL051W_YPS_16_10_09		1
10	10	YOL065C_YPS_16_10_10		1
10	11	YMR266W_YPS_16_10_11		1
10	12	YNR048W_YPS_16_10_12		1
10	13	YNL050C_YPS_16_10_13		1
10	14	YOL064C_YPS_16_10_14		1
10	15	YMR265C_YPS_16_10_15		1
10	16	YNR047W_YPS_16_10_16		1
10	17	YNL049C_YPS_16_10_17		1
10	18	YOL063C_YPS_16_10_18		1
10	19	YMR264W_YPS_16_10_19		1
10	20	YNR045W_YPS_16_10_20		1
10	21	YNL046W_YPS_16_10_21		1
10	22	YOL062C_YPS_16_10_22		1
10	23	YMR263W_YPS_16_10_23		1
10	24	YNR042W_YPS_16_10_24		1
10	25	YNL045W_YPS_16_10_25		1
10	26	YOL061W_YPS_16_10_26		1
10	27	YMR262W_YPS_16_10_27		1
10	28	YNR040W_YPS_16_10_28		1
10	29	YNL044W_YPS_16_10_29		1
10	30	YOL060C_YPS_16_10_30		1
10	31	YMR261C_YPS_16_10_31		1
10	32	YNR039C_YPS_16_10_32		1
10	33	YNL043C_YPS_16_10_33		1
10	34	YOL059W_YPS_16_10_34		1
10	35	YMR259C_YPS_16_10_35		1
10	36	YNR034W_YPS_16_10_36		1
10	37	YNL041C_YPS_16_10_37		1
10	38	YOL058W_YPS_16_10_38		1
10	39	YMR258C_YPS_16_10_39		1
10	40	YNR032W_YPS_16_10_40		1
10	41	YNL040W_YPS_16_10_41		1
10	42	YOL057W_YPS_16_10_42		1
10	43	YMR256C_YPS_16_10_43		1
10	44	YNR032C-A_YPS_16_10_44		1
10	45	YNL037C_YPS_16_10_45		1
10	46	YOL056W_YPS_16_10_46		1
10	47	YOR202W_YPS_16_10_47		1
10	48	YOR202W_YPS_16_10_48		1
11	1	YOR202W_YPS_16_11_01		1
11	2	YOR202W_YPS_16_11_02		1
11	3	YLR251W_YPS_16_11_03		1
11	4	YMR086C-A_YPS_16_11_04		1
11	5	YLR360W_YPS_16_11_05		1
11	6	YMR179W_YPS_16_11_06		1
11	7	YLR250W_YPS_16_11_07		1
11	8	YMR085W_YPS_16_11_08		1
11	9	YLR357W_YPS_16_11_09		1
11	10	YMR178W_YPS_16_11_10		1
11	11	YLR248W_YPS_16_11_11		1
11	12	YMR080C_YPS_16_11_12		1
11	13	YLR356W_YPS_16_11_13		1
11	14	YMR177W_YPS_16_11_14		1
11	15	YLR247C_YPS_16_11_15		1
11	16	YMR078C_YPS_16_11_16		1
11	17	YLR354C_YPS_16_11_17		1
11	18	YMR176W_YPS_16_11_18		1
11	19	YLR246W_YPS_16_11_19		1
11	20	YMR075W_YPS_16_11_20		1
11	21	YLR353W_YPS_16_11_21		1
11	22	YMR175w_YPS_16_11_22		1
11	23	YLR242C_YPS_16_11_23		1
11	24	YMR075C-A_YPS_16_11_24		1
11	25	YLR352W_YPS_16_11_25		1
11	26	YMR174C_YPS_16_11_26		1
11	27	YLR241W_YPS_16_11_27		1
11	28	YMR073C_YPS_16_11_28		1
11	29	YLR351C_YPS_16_11_29		1
11	30	YMR173W-A_YPS_16_11_30		1
11	31	YLR239C_YPS_16_11_31		1
11	32	YMR070W_YPS_16_11_32		1
11	33	YLR350W_YPS_16_11_33		1
11	34	YMR173W_YPS_16_11_34		1
11	35	YLR237W_YPS_16_11_35		1
11	36	YMR068W_YPS_16_11_36		1
11	37	YLR349W_YPS_16_11_37		1
11	38	YMR172W_YPS_16_11_38		1
11	39	YLR236C_YPS_16_11_39		1
11	40	YMR067C_YPS_16_11_40		1
11	41	YLR348C_YPS_16_11_41		1
11	42	YMR172C-A_YPS_16_11_42		1
11	43	YLR235C_YPS_16_11_43		1
11	44	YMR065W_YPS_16_11_44		1
11	45	YLR346C_YPS_16_11_45		1
11	46	YMR171C_YPS_16_11_46		1
11	47	YOR202W_YPS_16_11_47		1
11	48	YOR202W_YPS_16_11_48		1
12	1	YOR202W_YPS_16_12_01		1
12	2	YOR202W_YPS_16_12_02		1
12	3	YNL190W_YPS_16_12_03		1
12	4	YOR028C_YPS_16_12_04		1
12	5	YNL301C_YPS_16_12_05		1
12	6	YOR129C_YPS_16_12_06		1
12	7	YNL187W_YPS_16_12_07		1
12	8	YOR027W_YPS_16_12_08		1
12	9	YNL300W_YPS_16_12_09		1
12	10	YOR127W_YPS_16_12_10		1
12	11	YNL183C_YPS_16_12_11		1
12	12	YOR026W_YPS_16_12_12		1
12	13	YNL299W_YPS_16_12_13		1
12	14	YOR126C_YPS_16_12_14		1
12	15	YNL179C_YPS_16_12_15		1
12	16	YOR025W_YPS_16_12_16		1
12	17	YNL298W_YPS_16_12_17		1
12	18	YOR124C_YPS_16_12_18		1
12	19	YNL176C_YPS_16_12_19		1
12	20	YOR024W_YPS_16_12_20		1
12	21	YNL297C_YPS_16_12_21		1
12	22	YOR123C_YPS_16_12_22		1
12	23	YNL175C_YPS_16_12_23		1
12	24	YOR023C_YPS_16_12_24		1
12	25	YNL296W_YPS_16_12_25		1
12	26	YOR121C_YPS_16_12_26		1
12	27	YNL173C_YPS_16_12_27		1
12	28	YOR022C_YPS_16_12_28		1
12	29	YNL295W_YPS_16_12_29		1
12	30	YOR120W_YPS_16_12_30		1
12	31	YNL171C_YPS_16_12_31		1
12	32	YOR021C_YPS_16_12_32		1
12	33	YNL294C_YPS_16_12_33		1
12	34	YOR118W_YPS_16_12_34		1
12	35	YNL170W_YPS_16_12_35		1
12	36	YOR019W_YPS_16_12_36		1
12	37	YNL293W_YPS_16_12_37		1
12	38	YOR115C_YPS_16_12_38		1
12	39	YNL169C_YPS_16_12_39		1
12	40	YOR018W_YPS_16_12_40		1
12	41	YNL292W_YPS_16_12_41		1
12	42	YOR114W_YPS_16_12_42		1
12	43	YNL168C_YPS_16_12_43		1
12	44	YOR017W_YPS_16_12_44		1
12	45	YNL291C_YPS_16_12_45		1
12	46	YOR113W_YPS_16_12_46		1
12	47	YOR202W_YPS_16_12_47		1
12	48	YOR202W_YPS_16_12_48		1
13	1	YOR202W_YPS_16_13_01		1
13	2	YOR202W_YPS_16_13_02		1
13	3	YLR023C_YPS_16_13_03		1
13	4	YLR454W_YPS_16_13_04		1
13	5	YLR130C_YPS_16_13_05		1
13	6	YML102W_YPS_16_13_06		1
13	7	YLR021W_YPS_16_13_07		1
13	8	YLR453C_YPS_16_13_08		1
13	9	YLR128W_YPS_16_13_09		1
13	10	YML102C-A_YPS_16_13_10		1
13	11	YLR020C_YPS_16_13_11		1
13	12	YLR452C_YPS_16_13_12		1
13	13	YLR126C_YPS_16_13_13		1
13	14	YML101C_YPS_16_13_14		1
13	15	YLR019W_YPS_16_13_15		1
13	16	YLR451W_YPS_16_13_16		1
13	17	YLR125W_YPS_16_13_17		1
13	18	YML100W-A_YPS_16_13_18		1
13	19	YLR018C_YPS_16_13_19		1
13	20	YLR450W_YPS_16_13_20		1
13	21	YLR124W_YPS_16_13_21		1
13	22	YML100W_YPS_16_13_22		1
13	23	YLR017W_YPS_16_13_23		1
13	24	YLR449W_YPS_16_13_24		1
13	25	YLR123C_YPS_16_13_25		1
13	26	YML099C_YPS_16_13_26		1
13	27	YLR016C_YPS_16_13_27		1
13	28	YLR448W_YPS_16_13_28		1
13	29	YLR122C_YPS_16_13_29		1
13	30	YML097C_YPS_16_13_30		1
13	31	YLR015W_YPS_16_13_31		1
13	32	YLR446W_YPS_16_13_32		1
13	33	YLR121C_YPS_16_13_33		1
13	34	YML096W_YPS_16_13_34		1
13	35	YLR014C_YPS_16_13_35		1
13	36	YLR445W_YPS_16_13_36		1
13	37	YLR120C_YPS_16_13_37		1
13	38	YML095C_YPS_16_13_38		1
13	39	YLR013W_YPS_16_13_39		1
13	40	YLR444C_YPS_16_13_40		1
13	41	YLR119W_YPS_16_13_41		1
13	42	YML094W_YPS_16_13_42		1
13	43	YLR012C_YPS_16_13_43		1
13	44	YLR443W_YPS_16_13_44		1
13	45	YLR118C_YPS_16_13_45		1
13	46	YML090W_YPS_16_13_46		1
13	47	YOR202W_YPS_16_13_47		1
13	48	YOR202W_YPS_16_13_48		1
14	1	YOR202W_YPS_16_14_01		1
14	2	YOR202W_YPS_16_14_02		1
14	3	YMR284W_YPS_16_14_03		1
14	4	YNR064C_YPS_16_14_04		1
14	5	YNL068C_YPS_16_14_05		1
14	6	YOL085C_YPS_16_14_06		1
14	7	YMR283C_YPS_16_14_07		1
14	8	YNR063W_YPS_16_14_08		1
14	9	YNL067W_YPS_16_14_09		1
14	10	YOL084W_YPS_16_14_10		1
14	11	YMR282C_YPS_16_14_11		1
14	12	YNR062C_YPS_16_14_12		1
14	13	YNL066W_YPS_16_14_13		1
14	14	YOL083W_YPS_16_14_14		1
14	15	YMR280C_YPS_16_14_15		1
14	16	YNR061C_YPS_16_14_16		1
14	17	YNL065W_YPS_16_14_17		1
14	18	YOL082W_YPS_16_14_18		1
14	19	YMR279C_YPS_16_14_19		1
14	20	YNR060W_YPS_16_14_20		1
14	21	YJR109C_YPS_16_14_21		1
14	22	YOL081W_YPS_16_14_22		1
14	23	YMR278W_YPS_16_14_23		1
14	24	YNR059W_YPS_16_14_24		1
14	25	YNL064C_YPS_16_14_25		1
14	26	YOL080C_YPS_16_14_26		1
14	27	YMR276W_YPS_16_14_27		1
14	28	YNR058W_YPS_16_14_28		1
14	29	YNL063W_YPS_16_14_29		1
14	30	YOL079W_YPS_16_14_30		1
14	31	YMR275C_YPS_16_14_31		1
14	32	YNR057C_YPS_16_14_32		1
14	33	YNL058C_YPS_16_14_33		1
14	34	YOL075C_YPS_16_14_34		1
14	35	YMR274C_YPS_16_14_35		1
14	36	YNR056C_YPS_16_14_36		1
14	37	YNL057W_YPS_16_14_37		1
14	38	YOL071W_YPS_16_14_38		1
14	39	YMR273C_YPS_16_14_39		1
14	40	YNR055C_YPS_16_14_40		1
14	41	YNL056W_YPS_16_14_41		1
14	42	YOL070C_YPS_16_14_42		1
14	43	YMR272C_YPS_16_14_43		1
14	44	YNR051C_YPS_16_14_44		1
14	45	YNL054W_YPS_16_14_45		1
14	46	YOL068C_YPS_16_14_46		1
14	47	YOR202W_YPS_16_14_47		1
14	48	YOR202W_YPS_16_14_48		1
15	1	YOR202W_YPS_16_15_01		1
15	2	YOR202W_YPS_16_15_02		1
15	3	YLR264W_YPS_16_15_03		1
15	4	YMR103C_YPS_16_15_04		1
15	5	YLR372W_YPS_16_15_05		1
15	6	YMR192W_YPS_16_15_06		1
15	7	YLR263W_YPS_16_15_07		1
15	8	YMR102C_YPS_16_15_08		1
15	9	YLR371W_YPS_16_15_09		1
15	10	YMR191W_YPS_16_15_10		1
15	11	YLR262C-A_YPS_16_15_11		1
15	12	YMR101C_YPS_16_15_12		1
15	13	YLR370C_YPS_16_15_13		1
15	14	YMR190C_YPS_16_15_14		1
15	15	YLR262C_YPS_16_15_15		1
15	16	YMR100W_YPS_16_15_16		1
15	17	YLR368W_YPS_16_15_17		1
15	18	YMR189W_YPS_16_15_18		1
15	19	YLR261C_YPS_16_15_19		1
15	20	YMR099C_YPS_16_15_20		1
15	21	YLR367W_YPS_16_15_21		1
15	22	YMR188C_YPS_16_15_22		1
15	23	YLR258W_YPS_16_15_23		1
15	24	YMR096W_YPS_16_15_24		1
15	25	YLR366W_YPS_16_15_25		1
15	26	YMR187C_YPS_16_15_26		1
15	27	YLR257W_YPS_16_15_27		1
15	28	YMR095C_YPS_16_15_28		1
15	29	YLR365W_YPS_16_15_29		1
15	30	YMR186W_YPS_16_15_30		1
15	31	YLR255C_YPS_16_15_31		1
15	32	YMR092C_YPS_16_15_32		1
15	33	YLR364W_YPS_16_15_33		1
15	34	YMR183C_YPS_16_15_34		1
15	35	YLR254C_YPS_16_15_35		1
15	36	YMR088C_YPS_16_15_36		1
15	37	YLR363C_YPS_16_15_37		1
15	38	YMR182C_YPS_16_15_38		1
15	39	YLR253W_YPS_16_15_39		1
15	40	YMR087W_YPS_16_15_40		1
15	41	YLR362W_YPS_16_15_41		1
15	42	YMR181C_YPS_16_15_42		1
15	43	YLR252W_YPS_16_15_43		1
15	44	YMR086W_YPS_16_15_44		1
15	45	YLR361C_YPS_16_15_45		1
15	46	YMR180C_YPS_16_15_46		1
15	47	YOR202W_YPS_16_15_47		1
15	48	YOR202W_YPS_16_15_48		1
16	1	YOR202W_YPS_16_16_01		1
16	2	YOR202W_YPS_16_16_02		1
16	3	YNL201C_YPS_16_16_03		1
16	4	YOR040W_YPS_16_16_04		1
16	5	YNL318C_YPS_16_16_05		1
16	6	YOR141C_YPS_16_16_06		1
16	7	YNL200C_YPS_16_16_07		1
16	8	YOR039W_YPS_16_16_08		1
16	9	YNL316C_YPS_16_16_09		1
16	10	YOR140W_YPS_16_16_10		1
16	11	YNL199C_YPS_16_16_11		1
16	12	YOR038C_YPS_16_16_12		1
16	13	YNL315C_YPS_16_16_13		1
16	14	YOR139C_YPS_16_16_14		1
16	15	YNL198C_YPS_16_16_15		1
16	16	YOR037W_YPS_16_16_16		1
16	17	YNL314W_YPS_16_16_17		1
16	18	YOR138C_YPS_16_16_18		1
16	19	YNL197C_YPS_16_16_19		1
16	20	YOR035C_YPS_16_16_20		1
16	21	YNL311C_YPS_16_16_21		1
16	22	YOR137C_YPS_16_16_22		1
16	23	YNL196C_YPS_16_16_23		1
16	24	YOR034C_YPS_16_16_24		1
16	25	YNL309W_YPS_16_16_25		1
16	26	YOR136W_YPS_16_16_26		1
16	27	YNL195C_YPS_16_16_27		1
16	28	YOR033C_YPS_16_16_28		1
16	29	YNL307C_YPS_16_16_29		1
16	30	YOR135C_YPS_16_16_30		1
16	31	YNL194C_YPS_16_16_31		1
16	32	YOR032C_YPS_16_16_32		1
16	33	YNL305C_YPS_16_16_33		1
16	34	YOR134W_YPS_16_16_34		1
16	35	YNL193W_YPS_16_16_35		1
16	36	YOR031W_YPS_16_16_36		1
16	37	YNL304W_YPS_16_16_37		1
16	38	YOR133W_YPS_16_16_38		1
16	39	YNL192W_YPS_16_16_39		1
16	40	YOR030W_YPS_16_16_40		1
16	41	YNL303W_YPS_16_16_41		1
16	42	YOR132W_YPS_16_16_42		1
16	43	YNL191W_YPS_16_16_43		1
16	44	YOR029W_YPS_16_16_44		1
16	45	YNL302C_YPS_16_16_45		1
16	46	YOR131C_YPS_16_16_46		1
16	47	YOR202W_YPS_16_16_47		1
16	48	YOR202W_YPS_16_16_48		1
17	1	YOR202W_YPS_16_17_01		1
17	2	YOR202W_YPS_16_17_02		1
17	3	YLR039C_YPS_16_17_03		1
17	4	YML007W_YPS_16_17_04		1
17	5	YLR146C_YPS_16_17_05		1
17	6	YML118W_YPS_16_17_06		1
17	7	YLR038C_YPS_16_17_07		1
17	8	YML006C_YPS_16_17_08		1
17	9	YLR144C_YPS_16_17_09		1
17	10	YML117W-A_YPS_16_17_10		1
17	11	YLR037C_YPS_16_17_11		1
17	12	YML005W_YPS_16_17_12		1
17	13	YLR143W_YPS_16_17_13		1
17	14	YML117W_YPS_16_17_14		1
17	15	YLR036C_YPS_16_17_15		1
17	16	YML004C_YPS_16_17_16		1
17	17	YLR142W_YPS_16_17_17		1
17	18	YML116W_YPS_16_17_18		1
17	19	YLR035C_YPS_16_17_19		1
17	20	YML003W_YPS_16_17_20		1
17	21	YLR138W_YPS_16_17_21		1
17	22	YML113W_YPS_16_17_22		1
17	23	YLR034C_YPS_16_17_23		1
17	24	YML002W_YPS_16_17_24		1
17	25	YLR137W_YPS_16_17_25		1
17	26	YML109W_YPS_16_17_26		1
17	27	YLR032W_YPS_16_17_27		1
17	28	YML001W_YPS_16_17_28		1
17	29	YLR136C_YPS_16_17_29		1
17	30	YML108W_YPS_16_17_30		1
17	31	YLR031W_YPS_16_17_31		1
17	32	YLR461W_YPS_16_17_32		1
17	33	YLR135W_YPS_16_17_33		1
17	34	YML107C_YPS_16_17_34		1
17	35	YLR030W_YPS_16_17_35		1
17	36	YLR460C_YPS_16_17_36		1
17	37	YLR134W_YPS_16_17_37		1
17	38	YML106W_YPS_16_17_38		1
17	39	YLR028C_YPS_16_17_39		1
17	40	YLR456W_YPS_16_17_40		1
17	41	YLR133W_YPS_16_17_41		1
17	42	YML104C_YPS_16_17_42		1
17	43	YLR024C_YPS_16_17_43		1
17	44	YLR455W_YPS_16_17_44		1
17	45	YLR131C_YPS_16_17_45		1
17	46	YML103C_YPS_16_17_46		1
17	47	YOR202W_YPS_16_17_47		1
17	48	YOR202W_YPS_16_17_48		1
18	1	YOR202W_YPS_16_18_01		1
18	2	YOR202W_YPS_16_18_02		1
18	3	YMR302C_YPS_16_18_03		1
18	4	YOL002C_YPS_16_18_04		1
18	5	YNL081C_YPS_16_18_05		1
18	6	YOL101C_YPS_16_18_06		1
18	7	YMR300C_YPS_16_18_07		1
18	8	YOL001W_YPS_16_18_08		1
18	9	YNL080C_YPS_16_18_09		1
18	10	YOL099C_YPS_16_18_10		1
18	11	YMR299C_YPS_16_18_11		1
18	12	YNR075W_YPS_16_18_12		1
18	13	YNL079C_YPS_16_18_13		1
18	14	YOL098C_YPS_16_18_14		1
18	15	YMR297W_YPS_16_18_15		1
18	16	YNR074C_YPS_16_18_16		1
18	17	YNL078W_YPS_16_18_17		1
18	18	YOL095C_YPS_16_18_18		1
18	19	YMR295C_YPS_16_18_19		1
18	20	YNR073C_YPS_16_18_20		1
18	21	YNL077W_YPS_16_18_21		1
18	22	YOL093W_YPS_16_18_22		1
18	23	YMR294W-A_YPS_16_18_23		1
18	24	YNR072W_YPS_16_18_24		1
18	25	YNL076W_YPS_16_18_25		1
18	26	YOL092W_YPS_16_18_26		1
18	27	YMR294W_YPS_16_18_27		1
18	28	YNR071C_YPS_16_18_28		1
18	29	YNL074C_YPS_16_18_29		1
18	30	YOL091W_YPS_16_18_30		1
18	31	YMR292W_YPS_16_18_31		1
18	32	YNR069C_YPS_16_18_32		1
18	33	YNL072W_YPS_16_18_33		1
18	34	YOL090W_YPS_16_18_34		1
18	35	YMR291W_YPS_16_18_35		1
18	36	YNR067C_YPS_16_18_36		1
18	37	YNL071W_YPS_16_18_37		1
18	38	YOL089C_YPS_16_18_38		1
18	39	YMR289W_YPS_16_18_39		1
18	40	YNR066C_YPS_16_18_40		1
18	41	YNL070W_YPS_16_18_41		1
18	42	YOL088C_YPS_16_18_42		1
18	43	YMR285C_YPS_16_18_43		1
18	44	YNR065C_YPS_16_18_44		1
18	45	YNL069C_YPS_16_18_45		1
18	46	YOL087C_YPS_16_18_46		1
18	47	YOR202W_YPS_16_18_47		1
18	48	YOR202W_YPS_16_18_48		1
19	1	YOR202W_YPS_16_19_01		1
19	2	YOR202W_YPS_16_19_02		1
19	3	YLR281C_YPS_16_19_03		1
19	4	YMR119W_YPS_16_19_04		1
19	5	YLR387C_YPS_16_19_05		1
19	6	YMR206W_YPS_16_19_06		1
19	7	YLR280C_YPS_16_19_07		1
19	8	YMR116C_YPS_16_19_08		1
19	9	YLR386W_YPS_16_19_09		1
19	10	YMR205C_YPS_16_19_10		1
19	11	YLR279W_YPS_16_19_11		1
19	12	YMR115W_YPS_16_19_12		1
19	13	YLR385C_YPS_16_19_13		1
19	14	YMR204C_YPS_16_19_14		1
19	15	YLR278C_YPS_16_19_15		1
19	16	YMR114C_YPS_16_19_16		1
19	17	YLR384C_YPS_16_19_17		1
19	18	YMR202W_YPS_16_19_18		1
19	19	YLR273C_YPS_16_19_19		1
19	20	YMR111C_YPS_16_19_20		1
19	21	YLR381W_YPS_16_19_21		1
19	22	YMR201C_YPS_16_19_22		1
19	23	YLR271W_YPS_16_19_23		1
19	24	YMR110C_YPS_16_19_24		1
19	25	YLR380W_YPS_16_19_25		1
19	26	YMR199W_YPS_16_19_26		1
19	27	YLR269C_YPS_16_19_27		1
19	28	YMR109W_YPS_16_19_28		1
19	29	YLR377C_YPS_16_19_29		1
19	30	YMR198W_YPS_16_19_30		1
19	31	YLR268W_YPS_16_19_31		1
19	32	YMR107W_YPS_16_19_32		1
19	33	YLR376C_YPS_16_19_33		1
19	34	YMR196W_YPS_16_19_34		1
19	35	YLR267W_YPS_16_19_35		1
19	36	YMR106C_YPS_16_19_36		1
19	37	YLR375W_YPS_16_19_37		1
19	38	YMR195W_YPS_16_19_38		1
19	39	YLR266C_YPS_16_19_39		1
19	40	YMR105C_YPS_16_19_40		1
19	41	YLR374C_YPS_16_19_41		1
19	42	YMR194W_YPS_16_19_42		1
19	43	YLR265C_YPS_16_19_43		1
19	44	YMR104C_YPS_16_19_44		1
19	45	YLR373C_YPS_16_19_45		1
19	46	YMR193C-A_YPS_16_19_46		1
19	47	YOR202W_YPS_16_19_47		1
19	48	YOR202W_YPS_16_19_48		1
20	1	YOR202W_YPS_16_20_01		1
20	2	YOR202W_YPS_16_20_02		1
20	3	YNL217W_YPS_16_20_03		1
20	4	YOR053W_YPS_16_20_04		1
20	5	YNL329C_YPS_16_20_05		1
20	6	YOR165W_YPS_16_20_06		1
20	7	YNL215W_YPS_16_20_07		1
20	8	YOR052C_YPS_16_20_08		1
20	9	YNL328C_YPS_16_20_09		1
20	10	YOR164C_YPS_16_20_10		1
20	11	YNL214W_YPS_16_20_11		1
20	12	YOR051C_YPS_16_20_12		1
20	13	YNL327W_YPS_16_20_13		1
20	14	YOR163W_YPS_16_20_14		1
20	15	YNL212W_YPS_16_20_15		1
20	16	YOR050C_YPS_16_20_16		1
20	17	YNL326C_YPS_16_20_17		1
20	18	YOR162C_YPS_16_20_18		1
20	19	YNL211C_YPS_16_20_19		1
20	20	YOR049C_YPS_16_20_20		1
20	21	YNL325C_YPS_16_20_21		1
20	22	YOR161C_YPS_16_20_22		1
20	23	YNL208W_YPS_16_20_23		1
20	24	YOR047C_YPS_16_20_24		1
20	25	YNL324W_YPS_16_20_25		1
20	26	YOR156C_YPS_16_20_26		1
20	27	YNL206C_YPS_16_20_27		1
20	28	YOR045W_YPS_16_20_28		1
20	29	YNL323W_YPS_16_20_29		1
20	30	YOR154W_YPS_16_20_30		1
20	31	YNL205C_YPS_16_20_31		1
20	32	YOR044W_YPS_16_20_32		1
20	33	YNL322C_YPS_16_20_33		1
20	34	YOR153W_YPS_16_20_34		1
20	35	YNL204C_YPS_16_20_35		1
20	36	YOR043W_YPS_16_20_36		1
20	37	YNL321W_YPS_16_20_37		1
20	38	YOR152C_YPS_16_20_38		1
20	39	YNL203C_YPS_16_20_39		1
20	40	YOR042W_YPS_16_20_40		1
20	41	YNL320W_YPS_16_20_41		1
20	42	YOR144C_YPS_16_20_42		1
20	43	YNL202W_YPS_16_20_43		1
20	44	YOR041C_YPS_16_20_44		1
20	45	YNL319W_YPS_16_20_45		1
20	46	YOR142W_YPS_16_20_46		1
20	47	YOR202W_YPS_16_20_47		1
20	48	YOR202W_YPS_16_20_48		1
21	1	YOR202W_YPS_16_21_01		1
21	2	YOR202W_YPS_16_21_02		1
21	3	YLR053C_YPS_16_21_03		1
21	4	YML019W_YPS_16_21_04		1
21	5	YLR171W_YPS_16_21_05		1
21	6	YMR004W_YPS_16_21_06		1
21	7	YLR050C_YPS_16_21_07		1
21	8	YML018C_YPS_16_21_08		1
21	9	YLR170C_YPS_16_21_09		1
21	10	YMR003W_YPS_16_21_10		1
21	11	YLR049C_YPS_16_21_11		1
21	12	YML017W_YPS_16_21_12		1
21	13	YLR169W_YPS_16_21_13		1
21	14	YMR002W_YPS_16_21_14		1
21	15	YLR048W_YPS_16_21_15		1
21	16	YML016C_YPS_16_21_16		1
21	17	YLR168C_YPS_16_21_17		1
21	18	YML131W_YPS_16_21_18		1
21	19	YLR047C_YPS_16_21_19		1
21	20	YML013W_YPS_16_21_20		1
21	21	YLR165C_YPS_16_21_21		1
21	22	YML128C_YPS_16_21_22		1
21	23	YLR046C_YPS_16_21_23		1
21	24	YML013C-A_YPS_16_21_24		1
21	25	YLR164W_YPS_16_21_25		1
21	26	YML124C_YPS_16_21_26		1
21	27	YLR044C_YPS_16_21_27		1
21	28	YML012W_YPS_16_21_28		1
21	29	YLR154C_YPS_16_21_29		1
21	30	YML123C_YPS_16_21_30		1
21	31	YLR043C_YPS_16_21_31		1
21	32	YML011C_YPS_16_21_32		1
21	33	YLR152C_YPS_16_21_33		1
21	34	YML122C_YPS_16_21_34		1
21	35	YLR042C_YPS_16_21_35		1
21	36	YML010C-B_YPS_16_21_36		1
21	37	YLR151C_YPS_16_21_37		1
21	38	YML121W_YPS_16_21_38		1
21	39	YLR041W_YPS_16_21_39		1
21	40	YML009c_YPS_16_21_40		1
21	41	YLR150W_YPS_16_21_41		1
21	42	YML120C_YPS_16_21_42		1
21	43	YLR040C_YPS_16_21_43		1
21	44	YML008C_YPS_16_21_44		1
21	45	YLR149C_YPS_16_21_45		1
21	46	YML119W_YPS_16_21_46		1
21	47	YOR202W_YPS_16_21_47		1
21	48	YOR202W_YPS_16_21_48		1
22	1	YOR202W_YPS_16_22_01		1
22	2	YOR202W_YPS_16_22_02		1
22	3	YMR313C_YPS_16_22_03		1
22	4	YOL014W_YPS_16_22_04		1
22	5	YNL095C_YPS_16_22_05		1
22	6	YOL113W_YPS_16_22_06		1
22	7	YMR312W_YPS_16_22_07		1
22	8	YOL013W-A_YPS_16_22_08		1
22	9	YNL094W_YPS_16_22_09		1
22	10	YOL112W_YPS_16_22_10		1
22	11	YMR311C_YPS_16_22_11		1
22	12	YOL013C_YPS_16_22_12		1
22	13	YNL093W_YPS_16_22_13		1
22	14	YOL111C_YPS_16_22_14		1
22	15	YMR310C_YPS_16_22_15		1
22	16	YOL012C_YPS_16_22_16		1
22	17	YNL092W_YPS_16_22_17		1
22	18	YOL110W_YPS_16_22_18		1
22	19	YMR307W_YPS_16_22_19		1
22	20	YOL011W_YPS_16_22_20		1
22	21	YNL091W_YPS_16_22_21		1
22	22	YOL109W_YPS_16_22_22		1
22	23	YMR306W_YPS_16_22_23		1
22	24	YOL009C_YPS_16_22_24		1
22	25	YNL090W_YPS_16_22_25		1
22	26	YOL108C_YPS_16_22_26		1
22	27	YMR306C-A_YPS_16_22_27		1
22	28	YOL008W_YPS_16_22_28		1
22	29	YNL089C_YPS_16_22_29		1
22	30	YOL107W_YPS_16_22_30		1
22	31	YMR305C_YPS_16_22_31		1
22	32	YOL007C_YPS_16_22_32		1
22	33	YNL087W_YPS_16_22_33		1
22	34	YOL106W_YPS_16_22_34		1
22	35	YMR304W_YPS_16_22_35		1
22	36	YOL006C_YPS_16_22_36		1
22	37	YNL085W_YPS_16_22_37		1
22	38	YOL105C_YPS_16_22_38		1
22	39	YMR304C-A_YPS_16_22_39		1
22	40	YOL004W_YPS_16_22_40		1
22	41	YNL083W_YPS_16_22_41		1
22	42	YOL104C_YPS_16_22_42		1
22	43	YMR303C_YPS_16_22_43		1
22	44	YOL003C_YPS_16_22_44		1
22	45	YNL082W_YPS_16_22_45		1
22	46	YOL103W_YPS_16_22_46		1
22	47	YOR202W_YPS_16_22_47		1
22	48	YOR202W_YPS_16_22_48		1
23	1	YOR202W_YPS_16_23_01		1
23	2	YOR202W_YPS_16_23_02		1
23	3	YLR294C_YPS_16_23_03		1
23	4	YMR132C_YPS_16_23_04		1
23	5	YLR400W_YPS_16_23_05		1
23	6	YMR224C_YPS_16_23_06		1
23	7	YLR292C_YPS_16_23_07		1
23	8	YMR130W_YPS_16_23_08		1
23	9	YLR398C_YPS_16_23_09		1
23	10	YMR223W_YPS_16_23_10		1
23	11	YLR290C_YPS_16_23_11		1
23	12	YMR129W_YPS_16_23_12		1
23	13	YLR395C_YPS_16_23_13		1
23	14	YMR222C_YPS_16_23_14		1
23	15	YLR289W_YPS_16_23_15		1
23	16	YMR127C_YPS_16_23_16		1
23	17	YLR394W_YPS_16_23_17		1
23	18	YMR221C_YPS_16_23_18		1
23	19	YLR287C-A_YPS_16_23_19		1
23	20	YMR126C_YPS_16_23_20		1
23	21	YLR393W_YPS_16_23_21		1
23	22	YMR219W_YPS_16_23_22		1
23	23	YLR287C_YPS_16_23_23		1
23	24	YMR124W_YPS_16_23_24		1
23	25	YLR392C_YPS_16_23_25		1
23	26	YMR216C_YPS_16_23_26		1
23	27	YLR286C_YPS_16_23_27		1
23	28	YMR123W_YPS_16_23_28		1
23	29	YLR391W_YPS_16_23_29		1
23	30	YMR215W_YPS_16_23_30		1
23	31	YLR285W_YPS_16_23_31		1
23	32	YMR122C_YPS_16_23_32		1
23	33	YLR390W-A_YPS_16_23_33		1
23	34	YMR214W_YPS_16_23_34		1
23	35	YLR284C_YPS_16_23_35		1
23	36	YMR121C_YPS_16_23_36		1
23	37	YLR390W_YPS_16_23_37		1
23	38	YMR210W_YPS_16_23_38		1
23	39	YLR283W_YPS_16_23_39		1
23	40	YMR120C_YPS_16_23_40		1
23	41	YLR389C_YPS_16_23_41		1
23	42	YMR209C_YPS_16_23_42		1
23	43	YLR282C_YPS_16_23_43		1
23	44	YMR119W-A_YPS_16_23_44		1
23	45	YLR388W_YPS_16_23_45		1
23	46	YMR207C_YPS_16_23_46		1
23	47	YOR202W_YPS_16_23_47		1
23	48	YOR202W_YPS_16_23_48		1
24	1	YOR202W_YPS_16_24_01		1
24	2	YOR202W_YPS_16_24_02		1
24	3	YNL233W_YPS_16_24_03		1
24	4	YOR069W_YPS_16_24_04		1
24	5	YNR004W_YPS_16_24_05		1
24	6	YOR183W_YPS_16_24_06		1
24	7	YNL231C_YPS_16_24_07		1
24	8	YOR068C_YPS_16_24_08		1
24	9	YNR002C_YPS_16_24_09		1
24	10	YOR182C_YPS_16_24_10		1
24	11	YNL230C_YPS_16_24_11		1
24	12	YOR067C_YPS_16_24_12		1
24	13	YNR001C_YPS_16_24_13		1
24	14	YOR178C_YPS_16_24_14		1
24	15	YNL229C_YPS_16_24_15		1
24	16	YOR066W_YPS_16_24_16		1
24	17	YNL001W_YPS_16_24_17		1
24	18	YOR177C_YPS_16_24_18		1
24	19	YNL228W_YPS_16_24_19		1
24	20	YOR065W_YPS_16_24_20		1
24	21	YNL338W_YPS_16_24_21		1
24	22	YOR175C_YPS_16_24_22		1
24	23	YNL227C_YPS_16_24_23		1
24	24	YOR064C_YPS_16_24_24		1
24	25	YNL336W_YPS_16_24_25		1
24	26	YOR173W_YPS_16_24_26		1
24	27	YNL226W_YPS_16_24_27		1
24	28	YOR062C_YPS_16_24_28		1
24	29	YNL335W_YPS_16_24_29		1
24	30	YOR172W_YPS_16_24_30		1
24	31	YNL224C_YPS_16_24_31		1
24	32	YOR061W_YPS_16_24_32		1
24	33	YNL334C_YPS_16_24_33		1
24	34	YOR171C_YPS_16_24_34		1
24	35	YNL223W_YPS_16_24_35		1
24	36	YOR059C_YPS_16_24_36		1
24	37	YNL333W_YPS_16_24_37		1
24	38	YOR170W_YPS_16_24_38		1
24	39	YNL219C_YPS_16_24_39		1
24	40	YOR058C_YPS_16_24_40		1
24	41	YNL332W_YPS_16_24_41		1
24	42	YOR167C_YPS_16_24_42		1
24	43	YNL218W_YPS_16_24_43		1
24	44	YOR055W_YPS_16_24_44		1
24	45	YNL330C_YPS_16_24_45		1
24	46	YOR166C_YPS_16_24_46		1
24	47	YOR202W_YPS_16_24_47		1
24	48	YOR202W_YPS_16_24_48		1
25	1	YOR202W_YPS_16_25_01		1
25	2	YOR202W_YPS_16_25_02		1
25	3	YLR065C_YPS_16_25_03		1
25	4	YML034W_YPS_16_25_04		1
25	5	YLR183C_YPS_16_25_05		1
25	6	YMR018W_YPS_16_25_06		1
25	7	YLR064W_YPS_16_25_07		1
25	8	YML033W_YPS_16_25_08		1
25	9	YLR182W_YPS_16_25_09		1
25	10	YMR017W_YPS_16_25_10		1
25	11	YLR063W_YPS_16_25_11		1
25	12	YML032C_YPS_16_25_12		1
25	13	YLR181C_YPS_16_25_13		1
25	14	YMR016C_YPS_16_25_14		1
25	15	YLR062C_YPS_16_25_15		1
25	16	YML030W_YPS_16_25_16		1
25	17	YLR180W_YPS_16_25_17		1
25	18	YMR015C_YPS_16_25_18		1
25	19	YLR061W_YPS_16_25_19		1
25	20	YML029W_YPS_16_25_20		1
25	21	YLR179C_YPS_16_25_21		1
25	22	YMR012W_YPS_16_25_22		1
25	23	YLR059C_YPS_16_25_23		1
25	24	YML028W_YPS_16_25_24		1
25	25	YLR178C_YPS_16_25_25		1
25	26	YMR011W_YPS_16_25_26		1
25	27	YLR058C_YPS_16_25_27		1
25	28	YML027W_YPS_16_25_28		1
25	29	YLR177W_YPS_16_25_29		1
25	30	YMR010W_YPS_16_25_30		1
25	31	YLR057W_YPS_16_25_31		1
25	32	YML026C_YPS_16_25_32		1
25	33	YLR176C_YPS_16_25_33		1
25	34	YMR009W_YPS_16_25_34		1
25	35	YLR056W_YPS_16_25_35		1
25	36	YML022W_YPS_16_25_36		1
25	37	YLR174W_YPS_16_25_37		1
25	38	YMR008C_YPS_16_25_38		1
25	39	YLR055C_YPS_16_25_39		1
25	40	YML021C_YPS_16_25_40		1
25	41	YLR173W_YPS_16_25_41		1
25	42	YMR007W_YPS_16_25_42		1
25	43	YLR054C_YPS_16_25_43		1
25	44	YML020W_YPS_16_25_44		1
25	45	YLR172C_YPS_16_25_45		1
25	46	YMR006C_YPS_16_25_46		1
25	47	YOR202W_YPS_16_25_47		1
25	48	YOR202W_YPS_16_25_48		1
26	1	YOR202W_YPS_16_26_01		1
26	2	YOR202W_YPS_16_26_02		1
26	3	YNL339C_YPS_16_26_03		1
26	4	YOL029C_YPS_16_26_04		1
26	5	YNL115C_YPS_16_26_05		1
26	6	YOL128C_YPS_16_26_06		1
26	7	YMR326C_YPS_16_26_07		1
26	8	YOL028C_YPS_16_26_08		1
26	9	YNL108C_YPS_16_26_09		1
26	10	YOL126C_YPS_16_26_10		1
26	11	YMR322C_YPS_16_26_11		1
26	12	YOL027C_YPS_16_26_12		1
26	13	YNL107W_YPS_16_26_13		1
26	14	YOL124C_YPS_16_26_14		1
26	15	YMR320W_YPS_16_26_15		1
26	16	YOL025W_YPS_16_26_16		1
26	17	YNL106C_YPS_16_26_17		1
26	18	YOL122C_YPS_16_26_18		1
26	19	YMR319C_YPS_16_26_19		1
26	20	YOL024W_YPS_16_26_20		1
26	21	YNL105W_YPS_16_26_21		1
26	22	YOL121C_YPS_16_26_22		1
26	23	YMR318C_YPS_16_26_23		1
26	24	YOL020W_YPS_16_26_24		1
26	25	YNL104C_YPS_16_26_25		1
26	26	YOL119C_YPS_16_26_26		1
26	27	YMR317W_YPS_16_26_27		1
26	28	YOL019W_YPS_16_26_28		1
26	29	YNL101W_YPS_16_26_29		1
26	30	YOL118C_YPS_16_26_30		1
26	31	YMR316W_YPS_16_26_31		1
26	32	YOL018C_YPS_16_26_32		1
26	33	YNL100W_YPS_16_26_33		1
26	34	YOL117W_YPS_16_26_34		1
26	35	YMR316C-B_YPS_16_26_35		1
26	36	YOL017W_YPS_16_26_36		1
26	37	YNL099C_YPS_16_26_37		1
26	38	YOL116W_YPS_16_26_38		1
26	39	YMR316C-A_YPS_16_26_39		1
26	40	YOL016C_YPS_16_26_40		1
26	41	YNL098C_YPS_16_26_41		1
26	42	YOL115W_YPS_16_26_42		1
26	43	YMR315W_YPS_16_26_43		1
26	44	YOL015W_YPS_16_26_44		1
26	45	YNL097C_YPS_16_26_45		1
26	46	YOL114C_YPS_16_26_46		1
26	47	YOR202W_YPS_16_26_47		1
26	48	YOR202W_YPS_16_26_48		1
27	1	YOR202W_YPS_16_27_01		1
27	2	YOR202W_YPS_16_27_02		1
27	3	YLR313C_YPS_16_27_03		1
27	4	YMR144W_YPS_16_27_04		1
27	5	YLR414C_YPS_16_27_05		1
27	6	YMR244C-A_YPS_16_27_06		1
27	7	YLR312C_YPS_16_27_07		1
27	8	YMR143W_YPS_16_27_08		1
27	9	YLR413W_YPS_16_27_09		1
27	10	YMR243C_YPS_16_27_10		1
27	11	YLR311C_YPS_16_27_11		1
27	12	YMR141C_YPS_16_27_12		1
27	13	YLR412W_YPS_16_27_13		1
27	14	YMR241W_YPS_16_27_14		1
27	15	YLR309C_YPS_16_27_15		1
27	16	YMR140W_YPS_16_27_16		1
27	17	YLR410W_YPS_16_27_17		1
27	18	YMR238W_YPS_16_27_18		1
27	19	YLR307W_YPS_16_27_19		1
27	20	YMR139W_YPS_16_27_20		1
27	21	YLR408C_YPS_16_27_21		1
27	22	YMR237W_YPS_16_27_22		1
27	23	YLR306W_YPS_16_27_23		1
27	24	YMR138W_YPS_16_27_24		1
27	25	YLR407W_YPS_16_27_25		1
27	26	YMR234W_YPS_16_27_26		1
27	27	YLR303W_YPS_16_27_27		1
27	28	YMR137C_YPS_16_27_28		1
27	29	YLR406C_YPS_16_27_29		1
27	30	YMR233W_YPS_16_27_30		1
27	31	YLR300W_YPS_16_27_31		1
27	32	YMR136W_YPS_16_27_32		1
27	33	YLR405W_YPS_16_27_33		1
27	34	YMR232W_YPS_16_27_34		1
27	35	YLR299W_YPS_16_27_35		1
27	36	YMR135W-A_YPS_16_27_36		1
27	37	YLR404W_YPS_16_27_37		1
27	38	YMR230W_YPS_16_27_38		1
27	39	YLR297W_YPS_16_27_39		1
27	40	YMR135C_YPS_16_27_40		1
27	41	YLR402W_YPS_16_27_41		1
27	42	YMR226C_YPS_16_27_42		1
27	43	YLR296W_YPS_16_27_43		1
27	44	YMR133W_YPS_16_27_44		1
27	45	YLR401C_YPS_16_27_45		1
27	46	YMR225C_YPS_16_27_46		1
27	47	YOR202W_YPS_16_27_47		1
27	48	YOR202W_YPS_16_27_48		1
28	1	YOR202W_YPS_16_28_01		1
28	2	YOR202W_YPS_16_28_02		1
28	3	YNL253W_YPS_16_28_03		1
28	4	YOR084W_YPS_16_28_04		1
28	5	YNR018W_YPS_16_28_05		1
28	6	YOR196C_YPS_16_28_06		1
28	7	YNL249C_YPS_16_28_07		1
28	8	YOR083W_YPS_16_28_08		1
28	9	YNR015W_YPS_16_28_09		1
28	10	YOR195W_YPS_16_28_10		1
28	11	YNL246W_YPS_16_28_11		1
28	12	YOR082C_YPS_16_28_12		1
28	13	YNR014W_YPS_16_28_13		1
28	14	YOR193W_YPS_16_28_14		1
28	15	YNL242W_YPS_16_28_15		1
28	16	YOR081C_YPS_16_28_16		1
28	17	YNR013C_YPS_16_28_17		1
28	18	YOR192C_YPS_16_28_18		1
28	19	YNL241C_YPS_16_28_19		1
28	20	YOR080W_YPS_16_28_20		1
28	21	YNR012W_YPS_16_28_21		1
28	22	YOR191W_YPS_16_28_22		1
28	23	YNL239W_YPS_16_28_23		1
28	24	YOR079C_YPS_16_28_24		1
28	25	YNR010W_YPS_16_28_25		1
28	26	YOR190W_YPS_16_28_26		1
28	27	YNL238W_YPS_16_28_27		1
28	28	YOR078W_YPS_16_28_28		1
28	29	YNR009W_YPS_16_28_29		1
28	30	YOR189W_YPS_16_28_30		1
28	31	YNL237W_YPS_16_28_31		1
28	32	YOR076C_YPS_16_28_32		1
28	33	YNR008W_YPS_16_28_33		1
28	34	YOR188W_YPS_16_28_34		1
28	35	YNL236W_YPS_16_28_35		1
28	36	YOR072W_YPS_16_28_36		1
28	37	YNR007C_YPS_16_28_37		1
28	38	YOR186W_YPS_16_28_38		1
28	39	YNL235C_YPS_16_28_39		1
28	40	YOR071C_YPS_16_28_40		1
28	41	YNR006W_YPS_16_28_41		1
28	42	YOR185C_YPS_16_28_42		1
28	43	YNL234W_YPS_16_28_43		1
28	44	YOR070C_YPS_16_28_44		1
28	45	YNR005C_YPS_16_28_45		1
28	46	YOR184W_YPS_16_28_46		1
28	47	YOR202W_YPS_16_28_47		1
28	48	YOR202W_YPS_16_28_48		1
29	1	YOR202W_YPS_16_29_01		1
29	2	YOR202W_YPS_16_29_02		1
29	3	YLR085C_YPS_16_29_03		1
29	4	YML051W_YPS_16_29_04		1
29	5	YLR199C_YPS_16_29_05		1
29	6	YMR031C_YPS_16_29_06		1
29	7	YLR084C_YPS_16_29_07		1
29	8	YML048W-A_YPS_16_29_08		1
29	9	YLR194C_YPS_16_29_09		1
29	10	YMR030W_YPS_16_29_10		1
29	11	YLR083C_YPS_16_29_11		1
29	12	YML048W_YPS_16_29_12		1
29	13	YLR193C_YPS_16_29_13		1
29	14	YMR029C_YPS_16_29_14		1
29	15	YLR082C_YPS_16_29_15		1
29	16	YML047C_YPS_16_29_16		1
29	17	YLR192C_YPS_16_29_17		1
29	18	YMR027W_YPS_16_29_18		1
29	19	YLR081W_YPS_16_29_19		1
29	20	YML042W_YPS_16_29_20		1
29	21	YLR191W_YPS_16_29_21		1
29	22	YMR026C_YPS_16_29_22		1
29	23	YLR080W_YPS_16_29_23		1
29	24	YML041C_YPS_16_29_24		1
29	25	YLR190W_YPS_16_29_25		1
29	26	YMR025W_YPS_16_29_26		1
29	27	YLR079W_YPS_16_29_27		1
29	28	YML038C_YPS_16_29_28		1
29	29	YLR189C_YPS_16_29_29		1
29	30	YMR023C_YPS_16_29_30		1
29	31	YLR077W_YPS_16_29_31		1
29	32	YML037C_YPS_16_29_32		1
29	33	YLR188W_YPS_16_29_33		1
29	34	YMR022W_YPS_16_29_34		1
29	35	YLR073C_YPS_16_29_35		1
29	36	YML036W_YPS_16_29_36		1
29	37	YLR187W_YPS_16_29_37		1
29	38	YMR021C_YPS_16_29_38		1
29	39	YLR072W_YPS_16_29_39		1
29	40	YML035C-A_YPS_16_29_40		1
29	41	YLR185W_YPS_16_29_41		1
29	42	YMR020W_YPS_16_29_42		1
29	43	YLR070C_YPS_16_29_43		1
29	44	YML035C_YPS_16_29_44		1
29	45	YLR184W_YPS_16_29_45		1
29	46	YMR019W_YPS_16_29_46		1
29	47	YOR202W_YPS_16_29_47		1
29	48	YOR202W_YPS_16_29_48		1
30	1	YOR202W_YPS_16_30_01		1
30	2	YOR202W_YPS_16_30_02		1
30	3	YNL021W_YPS_16_30_03		1
30	4	YOL044W_YPS_16_30_04		1
30	5	YNL129W_YPS_16_30_05		1
30	6	YOL152W_YPS_16_30_06		1
30	7	YNL020C_YPS_16_30_07		1
30	8	YOL043C_YPS_16_30_08		1
30	9	YNL128W_YPS_16_30_09		1
30	10	YOL151W_YPS_16_30_10		1
30	11	YNL016W_YPS_16_30_11		1
30	12	YOL042W_YPS_16_30_12		1
30	13	YNL127W_YPS_16_30_13		1
30	14	YOL150C_YPS_16_30_14		1
30	15	YNL015W_YPS_16_30_15		1
30	16	YOL041C_YPS_16_30_16		1
30	17	YNL125C_YPS_16_30_17		1
30	18	YOL147C_YPS_16_30_18		1
30	19	YNL013C_YPS_16_30_19		1
30	20	YOL039W_YPS_16_30_20		1
30	21	YNL123W_YPS_16_30_21		1
30	22	YOL141W_YPS_16_30_22		1
30	23	YNL012W_YPS_16_30_23		1
30	24	YOL037C_YPS_16_30_24		1
30	25	YNL122C_YPS_16_30_25		1
30	26	YOL138C_YPS_16_30_26		1
30	27	YNL010W_YPS_16_30_27		1
30	28	YOL036W_YPS_16_30_28		1
30	29	YNL121C_YPS_16_30_29		1
30	30	YOL137W_YPS_16_30_30		1
30	31	YNL009W_YPS_16_30_31		1
30	32	YOL035C_YPS_16_30_32		1
30	33	YNL120C_YPS_16_30_33		1
30	34	YOL136C_YPS_16_30_34		1
30	35	YNL008C_YPS_16_30_35		1
30	36	YOL032W_YPS_16_30_36		1
30	37	YNL119W_YPS_16_30_37		1
30	38	YOL132W_YPS_16_30_38		1
30	39	YNL004W_YPS_16_30_39		1
30	40	YOL031C_YPS_16_30_40		1
30	41	YNL117W_YPS_16_30_41		1
30	42	YOL131W_YPS_16_30_42		1
30	43	YNL003C_YPS_16_30_43		1
30	44	YOL030W_YPS_16_30_44		1
30	45	YNL116W_YPS_16_30_45		1
30	46	YOL129W_YPS_16_30_46		1
30	47	YOR202W_YPS_16_30_47		1
30	48	YOR202W_YPS_16_30_48		1
31	1	YOR202W_YPS_16_31_01		1
31	2	YOR202W_YPS_16_31_02		1
31	3	YOR202W_YPS_16_31_03		1
31	4	YOR202W_YPS_16_31_04		1
31	5	YOR202W_YPS_16_31_05		1
31	6	YOR202W_YPS_16_31_06		1
31	7	YOR202W_YPS_16_31_07		1
31	8	YOR202W_YPS_16_31_08		1
31	9	YOR202W_YPS_16_31_09		1
31	10	YOR202W_YPS_16_31_10		1
31	11	YOR202W_YPS_16_31_11		1
31	12	YOR202W_YPS_16_31_12		1
31	13	YOR202W_YPS_16_31_13		1
31	14	YOR202W_YPS_16_31_14		1
31	15	YOR202W_YPS_16_31_15		1
31	16	YOR202W_YPS_16_31_16		1
31	17	YOR202W_YPS_16_31_17		1
31	18	YOR202W_YPS_16_31_18		1
31	19	YOR202W_YPS_16_31_19		1
31	20	YOR202W_YPS_16_31_20		1
31	21	YOR202W_YPS_16_31_21		1
31	22	YOR202W_YPS_16_31_22		1
31	23	YOR202W_YPS_16_31_23		1
31	24	YOR202W_YPS_16_31_24		1
31	25	YOR202W_YPS_16_31_25		1
31	26	YOR202W_YPS_16_31_26		1
31	27	YOR202W_YPS_16_31_27		1
31	28	YOR202W_YPS_16_31_28		1
31	29	YOR202W_YPS_16_31_29		1
31	30	YOR202W_YPS_16_31_30		1
31	31	YOR202W_YPS_16_31_31		1
31	32	YOR202W_YPS_16_31_32		1
31	33	YOR202W_YPS_16_31_33		1
31	34	YOR202W_YPS_16_31_34		1
31	35	YOR202W_YPS_16_31_35		1
31	36	YOR202W_YPS_16_31_36		1
31	37	YOR202W_YPS_16_31_37		1
31	38	YOR202W_YPS_16_31_38		1
31	39	YOR202W_YPS_16_31_39		1
31	40	YOR202W_YPS_16_31_40		1
31	41	YOR202W_YPS_16_31_41		1
31	42	YOR202W_YPS_16_31_42		1
31	43	YOR202W_YPS_16_31_43		1
31	44	YOR202W_YPS_16_31_44		1
31	45	YOR202W_YPS_16_31_45		1
31	46	YOR202W_YPS_16_31_46		1
31	47	YOR202W_YPS_16_31_47		1
31	48	YOR202W_YPS_16_31_48		1
32	1	YOR202W_YPS_16_32_01		1
32	2	YOR202W_YPS_16_32_02		1
32	3	YOR202W_YPS_16_32_03		1
32	4	YOR202W_YPS_16_32_04		1
32	5	YOR202W_YPS_16_32_05		1
32	6	YOR202W_YPS_16_32_06		1
32	7	YOR202W_YPS_16_32_07		1
32	8	YOR202W_YPS_16_32_08		1
32	9	YOR202W_YPS_16_32_09		1
32	10	YOR202W_YPS_16_32_10		1
32	11	YOR202W_YPS_16_32_11		1
32	12	YOR202W_YPS_16_32_12		1
32	13	YOR202W_YPS_16_32_13		1
32	14	YOR202W_YPS_16_32_14		1
32	15	YOR202W_YPS_16_32_15		1
32	16	YOR202W_YPS_16_32_16		1
32	17	YOR202W_YPS_16_32_17		1
32	18	YOR202W_YPS_16_32_18		1
32	19	YOR202W_YPS_16_32_19		1
32	20	YOR202W_YPS_16_32_20		1
32	21	YOR202W_YPS_16_32_21		1
32	22	YOR202W_YPS_16_32_22		1
32	23	YOR202W_YPS_16_32_23		1
32	24	YOR202W_YPS_16_32_24		1
32	25	YOR202W_YPS_16_32_25		1
32	26	YOR202W_YPS_16_32_26		1
32	27	YOR202W_YPS_16_32_27		1
32	28	YOR202W_YPS_16_32_28		1
32	29	YOR202W_YPS_16_32_29		1
32	30	YOR202W_YPS_16_32_30		1
32	31	YOR202W_YPS_16_32_31		1
32	32	YOR202W_YPS_16_32_32		1
32	33	YOR202W_YPS_16_32_33		1
32	34	YOR202W_YPS_16_32_34		1
32	35	YOR202W_YPS_16_32_35		1
32	36	YOR202W_YPS_16_32_36		1
32	37	YOR202W_YPS_16_32_37		1
32	38	YOR202W_YPS_16_32_38		1
32	39	YOR202W_YPS_16_32_39		1
32	40	YOR202W_YPS_16_32_40		1
32	41	YOR202W_YPS_16_32_41		1
32	42	YOR202W_YPS_16_32_42		1
32	43	YOR202W_YPS_16_32_43		1
32	44	YOR202W_YPS_16_32_44		1
32	45	YOR202W_YPS_16_32_45		1
32	46	YOR202W_YPS_16_32_46		1
32	47	YOR202W_YPS_16_32_47		1
32	48	YOR202W_YPS_16_32_48		1
