Row	Column	Strain	Info	Normalization_group
1	1	WT_S288C_01_01_01		1
1	2	YMR252C_S288C_01_01_02		1
1	3	YLL040C_S288C_01_01_03		1
1	4	YNL276C_S288C_01_01_04		1
1	5	YAL068C_S288C_01_01_05		1
1	6	YMR253C_S288C_01_01_06		1
1	7	WT_S288C_01_01_07		1
1	8	YNL275W_S288C_01_01_08		1
1	9	YAL067C_S288C_01_01_09		1
1	10	YMR254C_S288C_01_01_10		1
1	11	YLL041C_S288C_01_01_11		1
1	12	YNL273W_S288C_01_01_12		1
1	13	YAL066W_S288C_01_01_13		1
1	14	YMR255W_S288C_01_01_14		1
1	15	YLL042C_S288C_01_01_15		1
1	16	YNL271C_S288C_01_01_16		1
1	17	YAL065C_S288C_01_01_17		1
1	18	WT_S288C_01_01_18		1
1	19	YLL043W_S288C_01_01_19		1
1	20	YNL270C_S288C_01_01_20		1
1	21	YAL062W_S288C_01_01_21		1
1	22	YMR256C_S288C_01_01_22		1
1	23	YLL045C_S288C_01_01_23		1
1	24	WT_S288C_01_01_24		1
1	25	YAL061W_S288C_01_01_25		1
1	26	YMR257C_S288C_01_01_26		1
1	27	YLL046C_S288C_01_01_27		1
1	28	YNL269W_S288C_01_01_28		1
1	29	YAL060W_S288C_01_01_29		1
1	30	YMR258C_S288C_01_01_30		1
1	31	YLL047W_S288C_01_01_31		1
1	32	YNL268W_S288C_01_01_32		1
1	33	YAL059W_S288C_01_01_33		1
1	34	YMR259C_S288C_01_01_34		1
1	35	YLL051C_S288C_01_01_35		1
1	36	YNL266W_S288C_01_01_36		1
1	37	YAL058W_S288C_01_01_37		1
1	38	YMR261C_S288C_01_01_38		1
1	39	YLL052C_S288C_01_01_39		1
1	40	YNL265C_S288C_01_01_40		1
1	41	YAL056W_S288C_01_01_41		1
1	42	YMR262W_S288C_01_01_42		1
1	43	YLL053C_S288C_01_01_43		1
1	44	YNL264C_S288C_01_01_44		1
1	45	YAL055W_S288C_01_01_45		1
1	46	YNL047C_S288C_01_01_46		1
1	47	YLL054C_S288C_01_01_47		1
1	48	YNL259C_S288C_01_01_48		1
2	1	YPL222W_S288C_01_02_01		1
2	2	YEL067C_S288C_01_02_02		1
2	3	YPL102C_S288C_01_02_03		1
2	4	YGR153W_S288C_01_02_04		1
2	5	YPL221W_S288C_01_02_05		1
2	6	YEL068C_S288C_01_02_06		1
2	7	YPL100W_S288C_01_02_07		1
2	8	YGR154C_S288C_01_02_08		1
2	9	YPL220W_S288C_01_02_09		1
2	10	YEL071W_S288C_01_02_10		1
2	11	YPL099C_S288C_01_02_11		1
2	12	YGR157W_S288C_01_02_12		1
2	13	YPL219W_S288C_01_02_13		1
2	14	YEL072W_S288C_01_02_14		1
2	15	YPL098C_S288C_01_02_15		1
2	16	YGR159C_S288C_01_02_16		1
2	17	YPL216W_S288C_01_02_17		1
2	18	YER001W_S288C_01_02_18		1
2	19	YPL097W_S288C_01_02_19		1
2	20	YGR160W_S288C_01_02_20		1
2	21	YPL215W_S288C_01_02_21		1
2	22	YER002W_S288C_01_02_22		1
2	23	YPL096W_S288C_01_02_23		1
2	24	YGR161C_S288C_01_02_24		1
2	25	YPL214C_S288C_01_02_25		1
2	26	YER004W_S288C_01_02_26		1
2	27	YPL095C_S288C_01_02_27		1
2	28	YGR163W_S288C_01_02_28		1
2	29	YPL213W_S288C_01_02_29		1
2	30	YER005W_S288C_01_02_30		1
2	31	YPL092W_S288C_01_02_31		1
2	32	YGR164W_S288C_01_02_32		1
2	33	WT_S288C_01_02_33		1
2	34	YER007C-A_S288C_01_02_34		1
2	35	YBR174C_S288C_01_02_35		1
2	36	YGR165W_S288C_01_02_36		1
2	37	YPL212C_S288C_01_02_37		1
2	38	YER007W_S288C_01_02_38		1
2	39	WT_S288C_01_02_39		1
2	40	YGR166W_S288C_01_02_40		1
2	41	YPL208W_S288C_01_02_41		1
2	42	YER010C_S288C_01_02_42		1
2	43	YBR175W_S288C_01_02_43		1
2	44	YOL153C_S288C_01_02_44		1
2	45	YPL207W_S288C_01_02_45		1
2	46	YER011W_S288C_01_02_46		1
2	47	YBR176W_S288C_01_02_47		1
2	48	YGR168C_S288C_01_02_48		1
3	1	YLR119W_S288C_01_03_01		1
3	2	YOR088W_S288C_01_03_02		1
3	3	YMR035W_S288C_01_03_03		1
3	4	YOL019W_S288C_01_03_04		1
3	5	YLR120C_S288C_01_03_05		1
3	6	YOR089C_S288C_01_03_06		1
3	7	YMR036C_S288C_01_03_07		1
3	8	YOL020W_S288C_01_03_08		1
3	9	WT_S288C_01_03_09		1
3	10	YOR090C_S288C_01_03_10		1
3	11	YMR039C_S288C_01_03_11		1
3	12	YOL023W_S288C_01_03_12		1
3	13	YLR121C_S288C_01_03_13		1
3	14	YOR091W_S288C_01_03_14		1
3	15	WT_S288C_01_03_15		1
3	16	YOL024W_S288C_01_03_16		1
3	17	YLR122C_S288C_01_03_17		1
3	18	YOR092W_S288C_01_03_18		1
3	19	YMR040W_S288C_01_03_19		1
3	20	YOL025W_S288C_01_03_20		1
3	21	YLR123C_S288C_01_03_21		1
3	22	YOR093C_S288C_01_03_22		1
3	23	YMR041C_S288C_01_03_23		1
3	24	YOL027C_S288C_01_03_24		1
3	25	YLR124W_S288C_01_03_25		1
3	26	WT_S288C_01_03_26		1
3	27	YMR042W_S288C_01_03_27		1
3	28	YOL028C_S288C_01_03_28		1
3	29	YLR125W_S288C_01_03_29		1
3	30	YOR094W_S288C_01_03_30		1
3	31	YMR044W_S288C_01_03_31		1
3	32	WT_S288C_01_03_32		1
3	33	YML089C_S288C_01_03_33		1
3	34	YOR289W_S288C_01_03_34		1
3	35	YMR140W_S288C_01_03_35		1
3	36	YOL029C_S288C_01_03_36		1
3	37	YML088W_S288C_01_03_37		1
3	38	YOR290C_S288C_01_03_38		1
3	39	YMR141C_S288C_01_03_39		1
3	40	YOL030W_S288C_01_03_40		1
3	41	YML087C_S288C_01_03_41		1
3	42	YOR291W_S288C_01_03_42		1
3	43	YMR143W_S288C_01_03_43		1
3	44	YOL031C_S288C_01_03_44		1
3	45	YML086C_S288C_01_03_45		1
3	46	YOR292C_S288C_01_03_46		1
3	47	YMR144W_S288C_01_03_47		1
3	48	YOL032W_S288C_01_03_48		1
4	1	YDR068W_S288C_01_04_01		1
4	2	YHR031C_S288C_01_04_02		1
4	3	YDR380W_S288C_01_04_03		1
4	4	YHR195W_S288C_01_04_04		1
4	5	YDR069C_S288C_01_04_05		1
4	6	YHR034C_S288C_01_04_06		1
4	7	YDR382W_S288C_01_04_07		1
4	8	YHR198C_S288C_01_04_08		1
4	9	YDR070C_S288C_01_04_09		1
4	10	YHR035W_S288C_01_04_10		1
4	11	YDR383C_S288C_01_04_11		1
4	12	YHR199C_S288C_01_04_12		1
4	13	YDR072C_S288C_01_04_13		1
4	14	YHR037W_S288C_01_04_14		1
4	15	YDR384C_S288C_01_04_15		1
4	16	YHR200W_S288C_01_04_16		1
4	17	YDR073W_S288C_01_04_17		1
4	18	YHR038W_S288C_01_04_18		1
4	19	YDR385W_S288C_01_04_19		1
4	20	YHR202W_S288C_01_04_20		1
4	21	YDR075W_S288C_01_04_21		1
4	22	YHR039C_S288C_01_04_22		1
4	23	YDR386W_S288C_01_04_23		1
4	24	YHR203C_S288C_01_04_24		1
4	25	YDR076W_S288C_01_04_25		1
4	26	YHR043C_S288C_01_04_26		1
4	27	YDR387C_S288C_01_04_27		1
4	28	YHR204W_S288C_01_04_28		1
4	29	YDR077W_S288C_01_04_29		1
4	30	YHR044C_S288C_01_04_30		1
4	31	YDR388W_S288C_01_04_31		1
4	32	YHR206W_S288C_01_04_32		1
4	33	YDR078C_S288C_01_04_33		1
4	34	YHR046C_S288C_01_04_34		1
4	35	YDR389W_S288C_01_04_35		1
4	36	YHR207C_S288C_01_04_36		1
4	37	YDR079W_S288C_01_04_37		1
4	38	YHR047C_S288C_01_04_38		1
4	39	YDR391C_S288C_01_04_39		1
4	40	YHR209W_S288C_01_04_40		1
4	41	WT_S288C_01_04_41		1
4	42	YHR048W_S288C_01_04_42		1
4	43	YDR392W_S288C_01_04_43		1
4	44	YHR210C_S288C_01_04_44		1
4	45	YDR080W_S288C_01_04_45		1
4	46	YHR049W_S288C_01_04_46		1
4	47	WT_S288C_01_04_47		1
4	48	YCL001W_S288C_01_04_48		1
5	1	YAL053W_S288C_01_05_01		1
5	2	YMR264W_S288C_01_05_02		1
5	3	YLL055W_S288C_01_05_03		1
5	4	YNL257C_S288C_01_05_04		1
5	5	YAL051W_S288C_01_05_05		1
5	6	YMR265C_S288C_01_05_06		1
5	7	YLL056C_S288C_01_05_07		1
5	8	YNL255C_S288C_01_05_08		1
5	9	YAL049C_S288C_01_05_09		1
5	10	YMR266W_S288C_01_05_10		1
5	11	YLL057C_S288C_01_05_11		1
5	12	YNL254C_S288C_01_05_12		1
5	13	YAL048C_S288C_01_05_13		1
5	14	YMR267W_S288C_01_05_14		1
5	15	YLL058W_S288C_01_05_15		1
5	16	YNL253W_S288C_01_05_16		1
5	17	YAL046C_S288C_01_05_17		1
5	18	YMR269W_S288C_01_05_18		1
5	19	YLL060C_S288C_01_05_19		1
5	20	YNL249C_S288C_01_05_20		1
5	21	YAL045C_S288C_01_05_21		1
5	22	YMR272C_S288C_01_05_22		1
5	23	YLL061W_S288C_01_05_23		1
5	24	YNL248C_S288C_01_05_24		1
5	25	YAL044C_S288C_01_05_25		1
5	26	YMR273C_S288C_01_05_26		1
5	27	YLL062C_S288C_01_05_27		1
5	28	YNL246W_S288C_01_05_28		1
5	29	YAL042W_S288C_01_05_29		1
5	30	YMR274C_S288C_01_05_30		1
5	31	YLL063C_S288C_01_05_31		1
5	32	YOR001W_S288C_01_05_32		1
5	33	YAL043C-a_S288C_01_05_33		1
5	34	YMR275C_S288C_01_05_34		1
5	35	YLR001C_S288C_01_05_35		1
5	36	YOR002W_S288C_01_05_36		1
5	37	YAL040C_S288C_01_05_37		1
5	38	YMR276W_S288C_01_05_38		1
5	39	YLR003C_S288C_01_05_39		1
5	40	YOR003W_S288C_01_05_40		1
5	41	YAL039C_S288C_01_05_41		1
5	42	YMR278W_S288C_01_05_42		1
5	43	YLR004C_S288C_01_05_43		1
5	44	YOR005C_S288C_01_05_44		1
5	45	YAL037W_S288C_01_05_45		1
5	46	YMR280C_S288C_01_05_46		1
5	47	YLR011W_S288C_01_05_47		1
5	48	YOR006C_S288C_01_05_48		1
6	1	YPL206C_S288C_01_06_01		1
6	2	WT_S288C_01_06_02		1
6	3	YBR177C_S288C_01_06_03		1
6	4	YGR169C_S288C_01_06_04		1
6	5	YPL205C_S288C_01_06_05		1
6	6	YPR011C_S288C_01_06_06		1
6	7	YBR178W_S288C_01_06_07		1
6	8	WT_S288C_01_06_08		1
6	9	YPL203W_S288C_01_06_09		1
6	10	YER017C_S288C_01_06_10		1
6	11	YBR179C_S288C_01_06_11		1
6	12	YGR170W_S288C_01_06_12		1
6	13	YPL202C_S288C_01_06_13		1
6	14	YER019W_S288C_01_06_14		1
6	15	YBR180W_S288C_01_06_15		1
6	16	YGR171C_S288C_01_06_16		1
6	17	YPL201C_S288C_01_06_17		1
6	18	YER019C-A_S288C_01_06_18		1
6	19	YBR181C_S288C_01_06_19		1
6	20	YGR173W_S288C_01_06_20		1
6	21	YPL200W_S288C_01_06_21		1
6	22	YER020W_S288C_01_06_22		1
6	23	YBR182C_S288C_01_06_23		1
6	24	YGR174C_S288C_01_06_24		1
6	25	YPL199C_S288C_01_06_25		1
6	26	YER024W_S288C_01_06_26		1
6	27	YBR183W_S288C_01_06_27		1
6	28	YGR176W_S288C_01_06_28		1
6	29	YPL198W_S288C_01_06_29		1
6	30	YER030W_S288C_01_06_30		1
6	31	YBR184W_S288C_01_06_31		1
6	32	YGR177C_S288C_01_06_32		1
6	33	YPL197C_S288C_01_06_33		1
6	34	YER032W_S288C_01_06_34		1
6	35	YBR185C_S288C_01_06_35		1
6	36	YGR178C_S288C_01_06_36		1
6	37	YPL196W_S288C_01_06_37		1
6	38	YER033C_S288C_01_06_38		1
6	39	YBR186W_S288C_01_06_39		1
6	40	YGR180C_S288C_01_06_40		1
6	41	YPL195W_S288C_01_06_41		1
6	42	YER034W_S288C_01_06_42		1
6	43	YBR187W_S288C_01_06_43		1
6	44	YGR181W_S288C_01_06_44		1
6	45	YPL194W_S288C_01_06_45		1
6	46	YER035W_S288C_01_06_46		1
6	47	YBR188C_S288C_01_06_47		1
6	48	YGR182C_S288C_01_06_48		1
7	1	YML084W_S288C_01_07_01		1
7	2	YOR293W_S288C_01_07_02		1
7	3	YMR145C_S288C_01_07_03		1
7	4	YOL033W_S288C_01_07_04		1
7	5	YML083C_S288C_01_07_05		1
7	6	YOR295W_S288C_01_07_06		1
7	7	YMR147W_S288C_01_07_07		1
7	8	YOL035C_S288C_01_07_08		1
7	9	YML082W_S288C_01_07_09		1
7	10	YOR296W_S288C_01_07_10		1
7	11	YMR148W_S288C_01_07_11		1
7	12	YOL036W_S288C_01_07_12		1
7	13	YML081W_S288C_01_07_13		1
7	14	YOR297C_S288C_01_07_14		1
7	15	YMR151W_S288C_01_07_15		1
7	16	YOL037C_S288C_01_07_16		1
7	17	YML080W_S288C_01_07_17		1
7	18	YOR298W_S288C_01_07_18		1
7	19	YMR150C_S288C_01_07_19		1
7	20	YOL039W_S288C_01_07_20		1
7	21	YML079W_S288C_01_07_21		1
7	22	YOR299W_S288C_01_07_22		1
7	23	YMR152W_S288C_01_07_23		1
7	24	YOL041C_S288C_01_07_24		1
7	25	YML078W_S288C_01_07_25		1
7	26	YOR301W_S288C_01_07_26		1
7	27	YMR153W_S288C_01_07_27		1
7	28	YOL042W_S288C_01_07_28		1
7	29	YML063W_S288C_01_07_29		1
7	30	YOR302W_S288C_01_07_30		1
7	31	YMR153C-A_S288C_01_07_31		1
7	32	YOL043C_S288C_01_07_32		1
7	33	YML062C_S288C_01_07_33		1
7	34	YOR303W_S288C_01_07_34		1
7	35	YMR155W_S288C_01_07_35		1
7	36	YOL044W_S288C_01_07_36		1
7	37	YML061C_S288C_01_07_37		1
7	38	YOR304C-A_S288C_01_07_38		1
7	39	YMR156C_S288C_01_07_39		1
7	40	YOL045W_S288C_01_07_40		1
7	41	YML060W_S288C_01_07_41		1
7	42	YOR304W_S288C_01_07_42		1
7	43	YMR157C_S288C_01_07_43		1
7	44	YOL046C_S288C_01_07_44		1
7	45	YML059C_S288C_01_07_45		1
7	46	YOR305W_S288C_01_07_46		1
7	47	YMR158W-A_S288C_01_07_47		1
7	48	YOL047C_S288C_01_07_48		1
8	1	YDR083W_S288C_01_08_01		1
8	2	YHR049C-A_S288C_01_08_02		1
8	3	YDR393W_S288C_01_08_03		1
8	4	YCL002C_S288C_01_08_04		1
8	5	YDR084C_S288C_01_08_05		1
8	6	YHR050W_S288C_01_08_06		1
8	7	YDR395W_S288C_01_08_07		1
8	8	YCL005W_S288C_01_08_08		1
8	9	YDR085C_S288C_01_08_09		1
8	10	WT_S288C_01_08_10		1
8	11	YDR399W_S288C_01_08_11		1
8	12	YMR118C_S288C_01_08_12		1
8	13	YDR089W_S288C_01_08_13		1
8	14	YHR051W_S288C_01_08_14		1
8	15	YDR400W_S288C_01_08_15		1
8	16	WT_S288C_01_08_16		1
8	17	YDR090C_S288C_01_08_17		1
8	18	YHR057C_S288C_01_08_18		1
8	19	YDR401W_S288C_01_08_19		1
8	20	YCL008C_S288C_01_08_20		1
8	21	YDR092W_S288C_01_08_21		1
8	22	YHR060W_S288C_01_08_22		1
8	23	YDR402C_S288C_01_08_23		1
8	24	YCL009C_S288C_01_08_24		1
8	25	YDR093W_S288C_01_08_25		1
8	26	YHR061C_S288C_01_08_26		1
8	27	YDR403W_S288C_01_08_27		1
8	28	YCL010C_S288C_01_08_28		1
8	29	YDR094W_S288C_01_08_29		1
8	30	YHR066W_S288C_01_08_30		1
8	31	YDR405W_S288C_01_08_31		1
8	32	YCL011C_S288C_01_08_32		1
8	33	YDR095C_S288C_01_08_33		1
8	34	YHR073W_S288C_01_08_34		1
8	35	YDR406W_S288C_01_08_35		1
8	36	YCL012W_S288C_01_08_36		1
8	37	YDR096W_S288C_01_08_37		1
8	38	YHR075C_S288C_01_08_38		1
8	39	YDR408C_S288C_01_08_39		1
8	40	YCL013W_S288C_01_08_40		1
8	41	YDR097C_S288C_01_08_41		1
8	42	YHR076W_S288C_01_08_42		1
8	43	YDR409W_S288C_01_08_43		1
8	44	YCL014W_S288C_01_08_44		1
8	45	YDR098C_S288C_01_08_45		1
8	46	YHR077C_S288C_01_08_46		1
8	47	YDR410C_S288C_01_08_47		1
8	48	YCL016C_S288C_01_08_48		1
9	1	YAL036C_S288C_01_09_01		1
9	2	YMR282C_S288C_01_09_02		1
9	3	YLR012C_S288C_01_09_03		1
9	4	YOR007C_S288C_01_09_04		1
9	5	YAL035W_S288C_01_09_05		1
9	6	YMR283C_S288C_01_09_06		1
9	7	YLR013W_S288C_01_09_07		1
9	8	YOR008C_S288C_01_09_08		1
9	9	YAL034C_S288C_01_09_09		1
9	10	YMR284W_S288C_01_09_10		1
9	11	YLR014C_S288C_01_09_11		1
9	12	YOR009W_S288C_01_09_12		1
9	13	YAL031C_S288C_01_09_13		1
9	14	YMR285C_S288C_01_09_14		1
9	15	YLR015W_S288C_01_09_15		1
9	16	YOR010C_S288C_01_09_16		1
9	17	YAL030W_S288C_01_09_17		1
9	18	YMR286W_S288C_01_09_18		1
9	19	YLR016C_S288C_01_09_19		1
9	20	YOR011W_S288C_01_09_20		1
9	21	YAL029C_S288C_01_09_21		1
9	22	YMR287C_S288C_01_09_22		1
9	23	YLR017W_S288C_01_09_23		1
9	24	YOR012W_S288C_01_09_24		1
9	25	YAL028W_S288C_01_09_25		1
9	26	YMR289W_S288C_01_09_26		1
9	27	YLR018C_S288C_01_09_27		1
9	28	YOR013W_S288C_01_09_28		1
9	29	YAL027W_S288C_01_09_29		1
9	30	YMR291W_S288C_01_09_30		1
9	31	YLR019W_S288C_01_09_31		1
9	32	YOR014W_S288C_01_09_32		1
9	33	YAL026C_S288C_01_09_33		1
9	34	YMR292W_S288C_01_09_34		1
9	35	YLR020C_S288C_01_09_35		1
9	36	YOR015W_S288C_01_09_36		1
9	37	YAL023C_S288C_01_09_37		1
9	38	YMR293C_S288C_01_09_38		1
9	39	YLR021W_S288C_01_09_39		1
9	40	YOR016C_S288C_01_09_40		1
9	41	YAL022C_S288C_01_09_41		1
9	42	YMR294W_S288C_01_09_42		1
9	43	YLR023C_S288C_01_09_43		1
9	44	YOR017W_S288C_01_09_44		1
9	45	YAL021C_S288C_01_09_45		1
9	46	YMR294W-A_S288C_01_09_46		1
9	47	YLR024C_S288C_01_09_47		1
9	48	YOR018W_S288C_01_09_48		1
10	1	YPL193W_S288C_01_10_01		1
10	2	YER038W-A_S288C_01_10_02		1
10	3	YBR194W_S288C_01_10_03		1
10	4	YGR183C_S288C_01_10_04		1
10	5	YPL192C_S288C_01_10_05		1
10	6	YER039C_S288C_01_10_06		1
10	7	YBR195C_S288C_01_10_07		1
10	8	YGR184C_S288C_01_10_08		1
10	9	YPL191C_S288C_01_10_09		1
10	10	YER040W_S288C_01_10_10		1
10	11	YBR197C_S288C_01_10_11		1
10	12	YGR187C_S288C_01_10_12		1
10	13	YPL189W_S288C_01_10_13		1
10	14	YER041W_S288C_01_10_14		1
10	15	YBR199W_S288C_01_10_15		1
10	16	YGR189C_S288C_01_10_16		1
10	17	YPL188W_S288C_01_10_17		1
10	18	YER042W_S288C_01_10_18		1
10	19	YBR200W_S288C_01_10_19		1
10	20	YGR192C_S288C_01_10_20		1
10	21	YPL187W_S288C_01_10_21		1
10	22	YER044C-A_S288C_01_10_22		1
10	23	YBR201W_S288C_01_10_23		1
10	24	YGR193C_S288C_01_10_24		1
10	25	YPL185W_S288C_01_10_25		1
10	26	YER045C_S288C_01_10_26		1
10	27	YBR203W_S288C_01_10_27		1
10	28	YGR194C_S288C_01_10_28		1
10	29	YPL186C_S288C_01_10_29		1
10	30	YER046W-A_S288C_01_10_30		1
10	31	YBR204C_S288C_01_10_31		1
10	32	YGR196C_S288C_01_10_32		1
10	33	YPL184C_S288C_01_10_33		1
10	34	YER047C_S288C_01_10_34		1
10	35	YBR205W_S288C_01_10_35		1
10	36	YGR197C_S288C_01_10_36		1
10	37	YPL181W_S288C_01_10_37		1
10	38	YER048C_S288C_01_10_38		1
10	39	YBR206W_S288C_01_10_39		1
10	40	YGR199W_S288C_01_10_40		1
10	41	YPL182C_S288C_01_10_41		1
10	42	YER049W_S288C_01_10_42		1
10	43	YBR207W_S288C_01_10_43		1
10	44	YGR200C_S288C_01_10_44		1
10	45	YPL180W_S288C_01_10_45		1
10	46	YER050C_S288C_01_10_46		1
10	47	YBR208C_S288C_01_10_47		1
10	48	YGR202C_S288C_01_10_48		1
11	1	YML058W_S288C_01_11_01		1
11	2	YOR307C_S288C_01_11_02		1
11	3	YMR159C_S288C_01_11_03		1
11	4	YOL048C_S288C_01_11_04		1
11	5	YML057W_S288C_01_11_05		1
11	6	YOR308C_S288C_01_11_06		1
11	7	YMR161W_S288C_01_11_07		1
11	8	YOL049W_S288C_01_11_08		1
11	9	YML058C-A_S288C_01_11_09		1
11	10	YOR311C_S288C_01_11_10		1
11	11	YMR162C_S288C_01_11_11		1
11	12	YOL050C_S288C_01_11_12		1
11	13	YML056C_S288C_01_11_13		1
11	14	YOR312C_S288C_01_11_14		1
11	15	YMR163C_S288C_01_11_15		1
11	16	YOL051W_S288C_01_11_16		1
11	17	YML055W_S288C_01_11_17		1
11	18	YOR313C_S288C_01_11_18		1
11	19	YMR164C_S288C_01_11_19		1
11	20	YOL052C_S288C_01_11_20		1
11	21	YML054C_S288C_01_11_21		1
11	22	YOR314W_S288C_01_11_22		1
11	23	YMR166C_S288C_01_11_23		1
11	24	YOL053C-A_S288C_01_11_24		1
11	25	YML053C_S288C_01_11_25		1
11	26	YOR315W_S288C_01_11_26		1
11	27	YMR167W_S288C_01_11_27		1
11	28	YOL053W_S288C_01_11_28		1
11	29	YML052W_S288C_01_11_29		1
11	30	YOR316C_S288C_01_11_30		1
11	31	YMR169C_S288C_01_11_31		1
11	32	YOL054W_S288C_01_11_32		1
11	33	YML051W_S288C_01_11_33		1
11	34	YOR318C_S288C_01_11_34		1
11	35	YMR170C_S288C_01_11_35		1
11	36	YOL055C_S288C_01_11_36		1
11	37	YML050W_S288C_01_11_37		1
11	38	YOR320C_S288C_01_11_38		1
11	39	YMR172C-A_S288C_01_11_39		1
11	40	YOL056W_S288C_01_11_40		1
11	41	YML048W_S288C_01_11_41		1
11	42	YOR321W_S288C_01_11_42		1
11	43	YMR173W-A_S288C_01_11_43		1
11	44	YOL057W_S288C_01_11_44		1
11	45	YML048W-A_S288C_01_11_45		1
11	46	YOR322C_S288C_01_11_46		1
11	47	YMR174C_S288C_01_11_47		1
11	48	YOL058W_S288C_01_11_48		1
12	1	YDR099W_S288C_01_12_01		1
12	2	YHR078W_S288C_01_12_02		1
12	3	YDR411C_S288C_01_12_03		1
12	4	YCL023C_S288C_01_12_04		1
12	5	YDR100W_S288C_01_12_05		1
12	6	YHR079C_S288C_01_12_06		1
12	7	YDR414C_S288C_01_12_07		1
12	8	YCL024W_S288C_01_12_08		1
12	9	YDR101C_S288C_01_12_09		1
12	10	YHR080C_S288C_01_12_10		1
12	11	YDR415C_S288C_01_12_11		1
12	12	YCL025C_S288C_01_12_12		1
12	13	YDR102C_S288C_01_12_13		1
12	14	YHR081W_S288C_01_12_14		1
12	15	YDR418W_S288C_01_12_15		1
12	16	YCL026C_S288C_01_12_16		1
12	17	YDR103W_S288C_01_12_17		1
12	18	YHR082C_S288C_01_12_18		1
12	19	YDR419W_S288C_01_12_19		1
12	20	YCL027W_S288C_01_12_20		1
12	21	YDR104C_S288C_01_12_21		1
12	22	YHR086W_S288C_01_12_22		1
12	23	YDR420W_S288C_01_12_23		1
12	24	YCL028W_S288C_01_12_24		1
12	25	YDR105C_S288C_01_12_25		1
12	26	YHR087W_S288C_01_12_26		1
12	27	YDR421W_S288C_01_12_27		1
12	28	YCL029C_S288C_01_12_28		1
12	29	YDR107C_S288C_01_12_29		1
12	30	YHR091C_S288C_01_12_30		1
12	31	YDR422C_S288C_01_12_31		1
12	32	YCL030C_S288C_01_12_32		1
12	33	YDR108W_S288C_01_12_33		1
12	34	YHR092C_S288C_01_12_34		1
12	35	YDR423C_S288C_01_12_35		1
12	36	YCL032W_S288C_01_12_36		1
12	37	YDR109C_S288C_01_12_37		1
12	38	YHR093W_S288C_01_12_38		1
12	39	YDR425W_S288C_01_12_39		1
12	40	YCL033C_S288C_01_12_40		1
12	41	YDR110W_S288C_01_12_41		1
12	42	YHR094C_S288C_01_12_42		1
12	43	YDR426C_S288C_01_12_43		1
12	44	YCL034W_S288C_01_12_44		1
12	45	YDR111C_S288C_01_12_45		1
12	46	YHR095W_S288C_01_12_46		1
12	47	YDR428C_S288C_01_12_47		1
12	48	YCL036W_S288C_01_12_48		1
13	1	YAL020C_S288C_01_13_01		1
13	2	YMR295C_S288C_01_13_02		1
13	3	YLR025W_S288C_01_13_03		1
13	4	YOR019W_S288C_01_13_04		1
13	5	YAL019W_S288C_01_13_05		1
13	6	YMR297W_S288C_01_13_06		1
13	7	YLR027C_S288C_01_13_07		1
13	8	YOR021C_S288C_01_13_08		1
13	9	YAL018C_S288C_01_13_09		1
13	10	YMR299C_S288C_01_13_10		1
13	11	YLR028C_S288C_01_13_11		1
13	12	YOR022C_S288C_01_13_12		1
13	13	YAL017W_S288C_01_13_13		1
13	14	YMR300C_S288C_01_13_14		1
13	15	YLR042C_S288C_01_13_15		1
13	16	YOR023C_S288C_01_13_16		1
13	17	YAL015C_S288C_01_13_17		1
13	18	YMR302C_S288C_01_13_18		1
13	19	YLR043C_S288C_01_13_19		1
13	20	YOR024W_S288C_01_13_20		1
13	21	YAL014C_S288C_01_13_21		1
13	22	YMR303C_S288C_01_13_22		1
13	23	YLR044C_S288C_01_13_23		1
13	24	YOR025W_S288C_01_13_24		1
13	25	YAL013W_S288C_01_13_25		1
13	26	YMR304W_S288C_01_13_26		1
13	27	YLR046C_S288C_01_13_27		1
13	28	YOR026W_S288C_01_13_28		1
13	29	YAL011W_S288C_01_13_29		1
13	30	YMR304C-A_S288C_01_13_30		1
13	31	YLR047C_S288C_01_13_31		1
13	32	YOR027W_S288C_01_13_32		1
13	33	YAL010C_S288C_01_13_33		1
13	34	YMR305C_S288C_01_13_34		1
13	35	YLR048W_S288C_01_13_35		1
13	36	YOR028C_S288C_01_13_36		1
13	37	YAL009W_S288C_01_13_37		1
13	38	YMR306C-A_S288C_01_13_38		1
13	39	YLR049C_S288C_01_13_39		1
13	40	YOR029W_S288C_01_13_40		1
13	41	YAL008W_S288C_01_13_41		1
13	42	YMR307W_S288C_01_13_42		1
13	43	YLR053C_S288C_01_13_43		1
13	44	YOR030W_S288C_01_13_44		1
13	45	YAL007C_S288C_01_13_45		1
13	46	YMR310C_S288C_01_13_46		1
13	47	YLR054C_S288C_01_13_47		1
13	48	YOR031W_S288C_01_13_48		1
14	1	YPL179W_S288C_01_14_01		1
14	2	YER051W_S288C_01_14_02		1
14	3	YBR209W_S288C_01_14_03		1
14	4	YGR203W_S288C_01_14_04		1
14	5	YPL178W_S288C_01_14_05		1
14	6	YER052C_S288C_01_14_06		1
14	7	YBR210W_S288C_01_14_07		1
14	8	YGR205W_S288C_01_14_08		1
14	9	YPL177C_S288C_01_14_09		1
14	10	YER053C_S288C_01_14_10		1
14	11	YBR212W_S288C_01_14_11		1
14	12	YGR206W_S288C_01_14_12		1
14	13	YPL176C_S288C_01_14_13		1
14	14	YER054C_S288C_01_14_14		1
14	15	YBR213W_S288C_01_14_15		1
14	16	YGR207C_S288C_01_14_16		1
14	17	YPL174C_S288C_01_14_17		1
14	18	YER056C_S288C_01_14_18		1
14	19	YBR214W_S288C_01_14_19		1
14	20	YGR208W_S288C_01_14_20		1
14	21	YPL173W_S288C_01_14_21		1
14	22	YER056C-A_S288C_01_14_22		1
14	23	YBR215W_S288C_01_14_23		1
14	24	YGR209C_S288C_01_14_24		1
14	25	YPL172C_S288C_01_14_25		1
14	26	YER057C_S288C_01_14_26		1
14	27	YBR216C_S288C_01_14_27		1
14	28	YGR212W_S288C_01_14_28		1
14	29	YPL171C_S288C_01_14_29		1
14	30	YER058W_S288C_01_14_30		1
14	31	YBR217W_S288C_01_14_31		1
14	32	YGR213C_S288C_01_14_32		1
14	33	YPL170W_S288C_01_14_33		1
14	34	YER059W_S288C_01_14_34		1
14	35	YBR218C_S288C_01_14_35		1
14	36	YGR214W_S288C_01_14_36		1
14	37	YPL168W_S288C_01_14_37		1
14	38	YER060W_S288C_01_14_38		1
14	39	YBR219C_S288C_01_14_39		1
14	40	YGR215W_S288C_01_14_40		1
14	41	YPL167C_S288C_01_14_41		1
14	42	YER060W-A_S288C_01_14_42		1
14	43	YBR220C_S288C_01_14_43		1
14	44	YGR217W_S288C_01_14_44		1
14	45	YPL166W_S288C_01_14_45		1
14	46	YER061C_S288C_01_14_46		1
14	47	YBR221C_S288C_01_14_47		1
14	48	YHL047C_S288C_01_14_48		1
15	1	YML037C_S288C_01_15_01		1
15	2	YOR323C_S288C_01_15_02		1
15	3	YMR175W_S288C_01_15_03		1
15	4	YOL059W_S288C_01_15_04		1
15	5	YML035C_S288C_01_15_05		1
15	6	YOR324C_S288C_01_15_06		1
15	7	YMR176W_S288C_01_15_07		1
15	8	YOL060C_S288C_01_15_08		1
15	9	YML034W_S288C_01_15_09		1
15	10	YOR327C_S288C_01_15_10		1
15	11	YMR177W_S288C_01_15_11		1
15	12	YOL061W_S288C_01_15_12		1
15	13	YML035C-A_S288C_01_15_13		1
15	14	YOR328W_S288C_01_15_14		1
15	15	YMR178W_S288C_01_15_15		1
15	16	YOL062C_S288C_01_15_16		1
15	17	YML033W_S288C_01_15_17		1
15	18	YOR330C_S288C_01_15_18		1
15	19	YMR179W_S288C_01_15_19		1
15	20	YOL063C_S288C_01_15_20		1
15	21	YML032C_S288C_01_15_21		1
15	22	YOR332W_S288C_01_15_22		1
15	23	YMR180C_S288C_01_15_23		1
15	24	YOL064C_S288C_01_15_24		1
15	25	YML030W_S288C_01_15_25		1
15	26	YOR334W_S288C_01_15_26		1
15	27	YMR182C_S288C_01_15_27		1
15	28	YOL065C_S288C_01_15_28		1
15	29	YML029W_S288C_01_15_29		1
15	30	YOR337W_S288C_01_15_30		1
15	31	YMR183C_S288C_01_15_31		1
15	32	YOL067C_S288C_01_15_32		1
15	33	YML028W_S288C_01_15_33		1
15	34	YOR338W_S288C_01_15_34		1
15	35	YMR184W_S288C_01_15_35		1
15	36	YOL068C_S288C_01_15_36		1
15	37	YML026C_S288C_01_15_37		1
15	38	YOR339C_S288C_01_15_38		1
15	39	YMR186W_S288C_01_15_39		1
15	40	YOL070C_S288C_01_15_40		1
15	41	YML024W_S288C_01_15_41		1
15	42	YOR342C_S288C_01_15_42		1
15	43	YMR187C_S288C_01_15_43		1
15	44	YOL071W_S288C_01_15_44		1
15	45	YML020W_S288C_01_15_45		1
15	46	YOR343C_S288C_01_15_46		1
15	47	YMR188C_S288C_01_15_47		1
15	48	YOL072W_S288C_01_15_48		1
16	1	YDR112W_S288C_01_16_01		1
16	2	YHR096C_S288C_01_16_02		1
16	3	YDR430C_S288C_01_16_03		1
16	4	YCL037C_S288C_01_16_04		1
16	5	YDR114C_S288C_01_16_05		1
16	6	YHR097C_S288C_01_16_06		1
16	7	YDR431W_S288C_01_16_07		1
16	8	YCL039W_S288C_01_16_08		1
16	9	YDR115W_S288C_01_16_09		1
16	10	YHR100C_S288C_01_16_10		1
16	11	YDR432W_S288C_01_16_11		1
16	12	YCL040W_S288C_01_16_12		1
16	13	YDR116C_S288C_01_16_13		1
16	14	YHR103W_S288C_01_16_14		1
16	15	YDR433W_S288C_01_16_15		1
16	16	YCL042W_S288C_01_16_16		1
16	17	YDR117C_S288C_01_16_17		1
16	18	YHR104W_S288C_01_16_18		1
16	19	YDR435C_S288C_01_16_19		1
16	20	YCL044C_S288C_01_16_20		1
16	21	YDR119W_S288C_01_16_21		1
16	22	YHR105W_S288C_01_16_22		1
16	23	YDR436W_S288C_01_16_23		1
16	24	YCL045C_S288C_01_16_24		1
16	25	YDR120C_S288C_01_16_25		1
16	26	YHR106W_S288C_01_16_26		1
16	27	YEL001C_S288C_01_16_27		1
16	28	YCL046W_S288C_01_16_28		1
16	29	YDR121W_S288C_01_16_29		1
16	30	YHR108W_S288C_01_16_30		1
16	31	YEL003W_S288C_01_16_31		1
16	32	YCL047C_S288C_01_16_32		1
16	33	YDR122W_S288C_01_16_33		1
16	34	YHR109W_S288C_01_16_34		1
16	35	YEL004W_S288C_01_16_35		1
16	36	YCL048W_S288C_01_16_36		1
16	37	YDR123C_S288C_01_16_37		1
16	38	YHR110W_S288C_01_16_38		1
16	39	YEL005C_S288C_01_16_39		1
16	40	YCL049C_S288C_01_16_40		1
16	41	YDR124W_S288C_01_16_41		1
16	42	YHR111W_S288C_01_16_42		1
16	43	YEL006W_S288C_01_16_43		1
16	44	YCL050C_S288C_01_16_44		1
16	45	YDR125C_S288C_01_16_45		1
16	46	YHR112C_S288C_01_16_46		1
16	47	YEL007W_S288C_01_16_47		1
16	48	YCL051W_S288C_01_16_48		1
17	1	YAL004W_S288C_01_17_01		1
17	2	YNL339C_S288C_01_17_02		1
17	3	YLR055C_S288C_01_17_03		1
17	4	YOR032C_S288C_01_17_04		1
17	5	YAL005C_S288C_01_17_05		1
17	6	YNL338W_S288C_01_17_06		1
17	7	YLR056W_S288C_01_17_07		1
17	8	YOR033C_S288C_01_17_08		1
17	9	YAL002W_S288C_01_17_09		1
17	10	YNL336W_S288C_01_17_10		1
17	11	YLR057W_S288C_01_17_11		1
17	12	YOR034C_S288C_01_17_12		1
17	13	YAR002W_S288C_01_17_13		1
17	14	YNL335W_S288C_01_17_14		1
17	15	YLR058C_S288C_01_17_15		1
17	16	YOR035C_S288C_01_17_16		1
17	17	YAR003W_S288C_01_17_17		1
17	18	YNL334C_S288C_01_17_18		1
17	19	YLR059C_S288C_01_17_19		1
17	20	YOR036W_S288C_01_17_20		1
17	21	YAR014C_S288C_01_17_21		1
17	22	YNL333W_S288C_01_17_22		1
17	23	YLR061W_S288C_01_17_23		1
17	24	YOR037W_S288C_01_17_24		1
17	25	YAR015W_S288C_01_17_25		1
17	26	YNL332W_S288C_01_17_26		1
17	27	YLR062C_S288C_01_17_27		1
17	28	YOR038C_S288C_01_17_28		1
17	29	YAR018C_S288C_01_17_29		1
17	30	YNL330C_S288C_01_17_30		1
17	31	YLR063W_S288C_01_17_31		1
17	32	YOR039W_S288C_01_17_32		1
17	33	YAR020C_S288C_01_17_33		1
17	34	YNL329C_S288C_01_17_34		1
17	35	YLR064W_S288C_01_17_35		1
17	36	YOR040W_S288C_01_17_36		1
17	37	YAR023C_S288C_01_17_37		1
17	38	YNL328C_S288C_01_17_38		1
17	39	YLR065C_S288C_01_17_39		1
17	40	YOR041C_S288C_01_17_40		1
17	41	YAR027W_S288C_01_17_41		1
17	42	YNL327W_S288C_01_17_42		1
17	43	YLR067C_S288C_01_17_43		1
17	44	YOR042W_S288C_01_17_44		1
17	45	YAR028W_S288C_01_17_45		1
17	46	YNL326C_S288C_01_17_46		1
17	47	YLR068W_S288C_01_17_47		1
17	48	YOR043W_S288C_01_17_48		1
18	1	YPL165C_S288C_01_18_01		1
18	2	YER062C_S288C_01_18_02		1
18	3	YBR222C_S288C_01_18_03		1
18	4	YHL046C_S288C_01_18_04		1
18	5	YPL164C_S288C_01_18_05		1
18	6	YER065C_S288C_01_18_06		1
18	7	YBR223C_S288C_01_18_07		1
18	8	YHL045W_S288C_01_18_08		1
18	9	YPL163C_S288C_01_18_09		1
18	10	YER066C-A_S288C_01_18_10		1
18	11	YBR224W_S288C_01_18_11		1
18	12	YHL044W_S288C_01_18_12		1
18	13	YPL162C_S288C_01_18_13		1
18	14	YER067W_S288C_01_18_14		1
18	15	YBR225W_S288C_01_18_15		1
18	16	YHL043W_S288C_01_18_16		1
18	17	YPL161C_S288C_01_18_17		1
18	18	YER067C-A_S288C_01_18_18		1
18	19	YBR226C_S288C_01_18_19		1
18	20	YHL042W_S288C_01_18_20		1
18	21	YPL159C_S288C_01_18_21		1
18	22	YER068W_S288C_01_18_22		1
18	23	YBR227C_S288C_01_18_23		1
18	24	YHL041W_S288C_01_18_24		1
18	25	YPL157W_S288C_01_18_25		1
18	26	YER068C-A_S288C_01_18_26		1
18	27	YBR228W_S288C_01_18_27		1
18	28	YHL040C_S288C_01_18_28		1
18	29	YPL156C_S288C_01_18_29		1
18	30	YER069W_S288C_01_18_30		1
18	31	YBR229C_S288C_01_18_31		1
18	32	YHL038C_S288C_01_18_32		1
18	33	YPL155C_S288C_01_18_33		1
18	34	YPR118W_S288C_01_18_34		1
18	35	YBR230C_S288C_01_18_35		1
18	36	YHL037C_S288C_01_18_36		1
18	37	YPL154C_S288C_01_18_37		1
18	38	YER071C_S288C_01_18_38		1
18	39	YBR231C_S288C_01_18_39		1
18	40	YHL036W_S288C_01_18_40		1
18	41	YPL152W_S288C_01_18_41		1
18	42	YER072W_S288C_01_18_42		1
18	43	YBR233W_S288C_01_18_43		1
18	44	YHL035C_S288C_01_18_44		1
18	45	YPL150W_S288C_01_18_45		1
18	46	YER073W_S288C_01_18_46		1
18	47	YBR235W_S288C_01_18_47		1
18	48	YHL034C_S288C_01_18_48		1
19	1	YML019W_S288C_01_19_01		1
19	2	YOR344C_S288C_01_19_02		1
19	3	YMR189W_S288C_01_19_03		1
19	4	YOL075C_S288C_01_19_04		1
19	5	YML018C_S288C_01_19_05		1
19	6	YOR346W_S288C_01_19_06		1
19	7	YMR190C_S288C_01_19_07		1
19	8	YOL076W_S288C_01_19_08		1
19	9	YML017W_S288C_01_19_09		1
19	10	YOR347C_S288C_01_19_10		1
19	11	YMR191W_S288C_01_19_11		1
19	12	YOL079W_S288C_01_19_12		1
19	13	YML016C_S288C_01_19_13		1
19	14	YOR348C_S288C_01_19_14		1
19	15	YMR192W_S288C_01_19_15		1
19	16	YOL080C_S288C_01_19_16		1
19	17	YML014W_S288C_01_19_17		1
19	18	YOR349W_S288C_01_19_18		1
19	19	YMR193W_S288C_01_19_19		1
19	20	YOL081W_S288C_01_19_20		1
19	21	YML013W_S288C_01_19_21		1
19	22	YOR350C_S288C_01_19_22		1
19	23	YMR194W_S288C_01_19_23		1
19	24	YOL082W_S288C_01_19_24		1
19	25	YML013C-A_S288C_01_19_25		1
19	26	YOR351C_S288C_01_19_26		1
19	27	YMR193C-A_S288C_01_19_27		1
19	28	YOL083W_S288C_01_19_28		1
19	29	YML012W_S288C_01_19_29		1
19	30	YOR352W_S288C_01_19_30		1
19	31	YMR195W_S288C_01_19_31		1
19	32	YOL084W_S288C_01_19_32		1
19	33	YML011C_S288C_01_19_33		1
19	34	YOR354C_S288C_01_19_34		1
19	35	YMR196W_S288C_01_19_35		1
19	36	YOL085C_S288C_01_19_36		1
19	37	YML009c_S288C_01_19_37		1
19	38	YOR355W_S288C_01_19_38		1
19	39	YMR198W_S288C_01_19_39		1
19	40	YPL274W_S288C_01_19_40		1
19	41	YML008C_S288C_01_19_41		1
19	42	YOR356W_S288C_01_19_42		1
19	43	YMR199W_S288C_01_19_43		1
19	44	YPL273W_S288C_01_19_44		1
19	45	YML007W_S288C_01_19_45		1
19	46	YOR357C_S288C_01_19_46		1
19	47	YMR201C_S288C_01_19_47		1
19	48	YPL272C_S288C_01_19_48		1
20	1	YDR126W_S288C_01_20_01		1
20	2	YHR113W_S288C_01_20_02		1
20	3	YEL008W_S288C_01_20_03		1
20	4	YCL055W_S288C_01_20_04		1
20	5	YDR127W_S288C_01_20_05		1
20	6	YHR114W_S288C_01_20_06		1
20	7	YEL009C_S288C_01_20_07		1
20	8	YCL056C_S288C_01_20_08		1
20	9	YDR128W_S288C_01_20_09		1
20	10	YHR115C_S288C_01_20_10		1
20	11	YEL010W_S288C_01_20_11		1
20	12	YCL057W_S288C_01_20_12		1
20	13	YDR129C_S288C_01_20_13		1
20	14	YHR116W_S288C_01_20_14		1
20	15	YEL013W_S288C_01_20_15		1
20	16	YCL060C_S288C_01_20_16		1
20	17	YDR130C_S288C_01_20_17		1
20	18	YHR117W_S288C_01_20_18		1
20	19	YEL014C_S288C_01_20_19		1
20	20	YCL061C_S288C_01_20_20		1
20	21	YDR131C_S288C_01_20_21		1
20	22	YHR120W_S288C_01_20_22		1
20	23	YEL015W_S288C_01_20_23		1
20	24	YCL062W_S288C_01_20_24		1
20	25	YDR132C_S288C_01_20_25		1
20	26	YHR121W_S288C_01_20_26		1
20	27	YEL016C_S288C_01_20_27		1
20	28	YCL063W_S288C_01_20_28		1
20	29	YDR133C_S288C_01_20_29		1
20	30	YHR123W_S288C_01_20_30		1
20	31	YEL017C-A_S288C_01_20_31		1
20	32	YCL064C_S288C_01_20_32		1
20	33	YDR134C_S288C_01_20_33		1
20	34	YHR124W_S288C_01_20_34		1
20	35	YEL017W_S288C_01_20_35		1
20	36	YCL069W_S288C_01_20_36		1
20	37	YDR135C_S288C_01_20_37		1
20	38	YHR125W_S288C_01_20_38		1
20	39	YPR083W_S288C_01_20_39		1
20	40	YCR001W_S288C_01_20_40		1
20	41	YDR136C_S288C_01_20_41		1
20	42	YHR126C_S288C_01_20_42		1
20	43	YEL020C_S288C_01_20_43		1
20	44	YCR002C_S288C_01_20_44		1
20	45	YDR137W_S288C_01_20_45		1
20	46	YHR129C_S288C_01_20_46		1
20	47	YEL023C_S288C_01_20_47		1
20	48	YCR003W_S288C_01_20_48		1
21	1	YAR029W_S288C_01_21_01		1
21	2	YNL324W_S288C_01_21_02		1
21	3	YLR069C_S288C_01_21_03		1
21	4	YOR044W_S288C_01_21_04		1
21	5	YAR031W_S288C_01_21_05		1
21	6	YNL325C_S288C_01_21_06		1
21	7	YLR070C_S288C_01_21_07		1
21	8	YOR045W_S288C_01_21_08		1
21	9	YAR030C_S288C_01_21_09		1
21	10	YNL323W_S288C_01_21_10		1
21	11	YLR072W_S288C_01_21_11		1
21	12	YOR047C_S288C_01_21_12		1
21	13	YAR035W_S288C_01_21_13		1
21	14	YNL322C_S288C_01_21_14		1
21	15	YLR073C_S288C_01_21_15		1
21	16	YOR049C_S288C_01_21_16		1
21	17	YAR037W_S288C_01_21_17		1
21	18	YNL321W_S288C_01_21_18		1
21	19	YLR074C_S288C_01_21_19		1
21	20	YOR050C_S288C_01_21_20		1
21	21	YAR040C_S288C_01_21_21		1
21	22	YNL320W_S288C_01_21_22		1
21	23	YLR077W_S288C_01_21_23		1
21	24	YOR051C_S288C_01_21_24		1
21	25	YAR042W_S288C_01_21_25		1
21	26	YNL319W_S288C_01_21_26		1
21	27	YLR079W_S288C_01_21_27		1
21	28	YOR052C_S288C_01_21_28		1
21	29	YAR043C_S288C_01_21_29		1
21	30	YNL318C_S288C_01_21_30		1
21	31	YLR080W_S288C_01_21_31		1
21	32	YOR053W_S288C_01_21_32		1
21	33	YAR044W_S288C_01_21_33		1
21	34	YNL314W_S288C_01_21_34		1
21	35	YLR081W_S288C_01_21_35		1
21	36	YOR054C_S288C_01_21_36		1
21	37	YAR047C_S288C_01_21_37		1
21	38	YNL311C_S288C_01_21_38		1
21	39	YLR082C_S288C_01_21_39		1
21	40	YOR055W_S288C_01_21_40		1
21	41	YLL001W_S288C_01_21_41		1
21	42	YNL309W_S288C_01_21_42		1
21	43	YLR083C_S288C_01_21_43		1
21	44	YOR058C_S288C_01_21_44		1
21	45	YLL002W_S288C_01_21_45		1
21	46	YNL053W_S288C_01_21_46		1
21	47	YLR084C_S288C_01_21_47		1
21	48	YOR059C_S288C_01_21_48		1
22	1	YPL149W_S288C_01_22_01		1
22	2	YER074W_S288C_01_22_02		1
22	3	YBR238C_S288C_01_22_03		1
22	4	YHL033C_S288C_01_22_04		1
22	5	YPL147W_S288C_01_22_05		1
22	6	YER075C_S288C_01_22_06		1
22	7	YBR239C_S288C_01_22_07		1
22	8	YHL032C_S288C_01_22_08		1
22	9	YPL145C_S288C_01_22_09		1
22	10	YER079W_S288C_01_22_10		1
22	11	YBR240C_S288C_01_22_11		1
22	12	YHL031C_S288C_01_22_12		1
22	13	YPL144W_S288C_01_22_13		1
22	14	YER080W_S288C_01_22_14		1
22	15	YBR241C_S288C_01_22_15		1
22	16	YHL030W_S288C_01_22_16		1
22	17	YPL141C_S288C_01_22_17		1
22	18	YER081W_S288C_01_22_18		1
22	19	YBR242W_S288C_01_22_19		1
22	20	YHL029C_S288C_01_22_20		1
22	21	YPL140C_S288C_01_22_21		1
22	22	YER083C_S288C_01_22_22		1
22	23	YBR244W_S288C_01_22_23		1
22	24	YHL028W_S288C_01_22_24		1
22	25	YPL139C_S288C_01_22_25		1
22	26	YER084W_S288C_01_22_26		1
22	27	YBR245C_S288C_01_22_27		1
22	28	YHL027W_S288C_01_22_28		1
22	29	YPL138C_S288C_01_22_29		1
22	30	YER085C_S288C_01_22_30		1
22	31	YBR246W_S288C_01_22_31		1
22	32	YHL026C_S288C_01_22_32		1
22	33	YPL136W_S288C_01_22_33		1
22	34	YER086W_S288C_01_22_34		1
22	35	YBR248C_S288C_01_22_35		1
22	36	YHL023C_S288C_01_22_36		1
22	37	YPL135W_S288C_01_22_37		1
22	38	YER087C-A_S288C_01_22_38		1
22	39	YBR249C_S288C_01_22_39		1
22	40	YHL022C_S288C_01_22_40		1
22	41	YPL133C_S288C_01_22_41		1
22	42	YGR123C_S288C_01_22_42		1
22	43	YBR250W_S288C_01_22_43		1
22	44	YHL021C_S288C_01_22_44		1
22	45	YPL130W_S288C_01_22_45		1
22	46	YGR124W_S288C_01_22_46		1
22	47	YBR251W_S288C_01_22_47		1
22	48	YHL020C_S288C_01_22_48		1
23	1	YML006C_S288C_01_23_01		1
23	2	YOR358W_S288C_01_23_02		1
23	3	YMR202W_S288C_01_23_03		1
23	4	YPL271W_S288C_01_23_04		1
23	5	YML005W_S288C_01_23_05		1
23	6	YOR359W_S288C_01_23_06		1
23	7	YMR204C_S288C_01_23_07		1
23	8	YPL270W_S288C_01_23_08		1
23	9	YML004C_S288C_01_23_09		1
23	10	YOR360C_S288C_01_23_10		1
23	11	YMR205C_S288C_01_23_11		1
23	12	YPL269W_S288C_01_23_12		1
23	13	YML003W_S288C_01_23_13		1
23	14	YOR363C_S288C_01_23_14		1
23	15	YMR206W_S288C_01_23_15		1
23	16	YPL267W_S288C_01_23_16		1
23	17	YML002W_S288C_01_23_17		1
23	18	YOR365C_S288C_01_23_18		1
23	19	YMR207C_S288C_01_23_19		1
23	20	YPL265W_S288C_01_23_20		1
23	21	YML001W_S288C_01_23_21		1
23	22	YOR367W_S288C_01_23_22		1
23	23	YMR210W_S288C_01_23_23		1
23	24	YPL264C_S288C_01_23_24		1
23	25	YMR002W_S288C_01_23_25		1
23	26	YOR368W_S288C_01_23_26		1
23	27	YMR214W_S288C_01_23_27		1
23	28	YPL263C_S288C_01_23_28		1
23	29	YMR003W_S288C_01_23_29		1
23	30	YOR371C_S288C_01_23_30		1
23	31	YMR215W_S288C_01_23_31		1
23	32	YPL262W_S288C_01_23_32		1
23	33	YMR006C_S288C_01_23_33		1
23	34	YOR374W_S288C_01_23_34		1
23	35	YMR216C_S288C_01_23_35		1
23	36	YPL260W_S288C_01_23_36		1
23	37	YMR007W_S288C_01_23_37		1
23	38	YOR375C_S288C_01_23_38		1
23	39	YMR219W_S288C_01_23_39		1
23	40	YPL261C_S288C_01_23_40		1
23	41	YMR008C_S288C_01_23_41		1
23	42	YOR376W_S288C_01_23_42		1
23	43	YMR221C_S288C_01_23_43		1
23	44	YPL259C_S288C_01_23_44		1
23	45	YMR009W_S288C_01_23_45		1
23	46	YOR377W_S288C_01_23_46		1
23	47	YMR222C_S288C_01_23_47		1
23	48	YPL258C_S288C_01_23_48		1
24	1	YPR021C_S288C_01_24_01		1
24	2	YHR130C_S288C_01_24_02		1
24	3	YEL024W_S288C_01_24_03		1
24	4	YCR004C_S288C_01_24_04		1
24	5	YDR139C_S288C_01_24_05		1
24	6	YHR132C_S288C_01_24_06		1
24	7	YEL025C_S288C_01_24_07		1
24	8	YCR005C_S288C_01_24_08		1
24	9	YDR140W_S288C_01_24_09		1
24	10	YHR133C_S288C_01_24_10		1
24	11	YEL027W_S288C_01_24_11		1
24	12	YCR006C_S288C_01_24_12		1
24	13	YDR142C_S288C_01_24_13		1
24	14	YHR134W_S288C_01_24_14		1
24	15	YEL028W_S288C_01_24_15		1
24	16	YCR007C_S288C_01_24_16		1
24	17	YDR143C_S288C_01_24_17		1
24	18	YHR135C_S288C_01_24_18		1
24	19	YEL030W_S288C_01_24_19		1
24	20	YCR008W_S288C_01_24_20		1
24	21	YDR144C_S288C_01_24_21		1
24	22	YHR136C_S288C_01_24_22		1
24	23	YEL031W_S288C_01_24_23		1
24	24	YCR009C_S288C_01_24_24		1
24	25	YDR146C_S288C_01_24_25		1
24	26	YHR137W_S288C_01_24_26		1
24	27	YEL033W_S288C_01_24_27		1
24	28	YCR010C_S288C_01_24_28		1
24	29	YDR338C_S288C_01_24_29		1
24	30	YHR138C_S288C_01_24_30		1
24	31	YPR091C_S288C_01_24_31		1
24	32	YCR011C_S288C_01_24_32		1
24	33	YDR340W_S288C_01_24_33		1
24	34	YHR139C_S288C_01_24_34		1
24	35	YEL037C_S288C_01_24_35		1
24	36	YCR014C_S288C_01_24_36		1
24	37	YDR344C_S288C_01_24_37		1
24	38	YHR139C-A_S288C_01_24_38		1
24	39	YEL038W_S288C_01_24_39		1
24	40	YCR015C_S288C_01_24_40		1
24	41	YDR345C_S288C_01_24_41		1
24	42	YHR142W_S288C_01_24_42		1
24	43	YEL039C_S288C_01_24_43		1
24	44	YCR016W_S288C_01_24_44		1
24	45	YDR346C_S288C_01_24_45		1
24	46	YHR143W_S288C_01_24_46		1
24	47	YEL040W_S288C_01_24_47		1
24	48	YCR017C_S288C_01_24_48		1
25	1	YLL005C_S288C_01_25_01		1
25	2	YNL305C_S288C_01_25_02		1
25	3	YLR085C_S288C_01_25_03		1
25	4	YOR061W_S288C_01_25_04		1
25	5	YLL006W_S288C_01_25_05		1
25	6	YNL304W_S288C_01_25_06		1
25	7	YLR087C_S288C_01_25_07		1
25	8	YOR062C_S288C_01_25_08		1
25	9	YLL009C_S288C_01_25_09		1
25	10	YNL303W_S288C_01_25_10		1
25	11	YLR089C_S288C_01_25_11		1
25	12	YOR064C_S288C_01_25_12		1
25	13	YLL010C_S288C_01_25_13		1
25	14	YNL302C_S288C_01_25_14		1
25	15	YLR090W_S288C_01_25_15		1
25	16	YOR065W_S288C_01_25_16		1
25	17	YLL012W_S288C_01_25_17		1
25	18	YNL301C_S288C_01_25_18		1
25	19	YLR091W_S288C_01_25_19		1
25	20	YOR066W_S288C_01_25_20		1
25	21	YLL013C_S288C_01_25_21		1
25	22	YNL299W_S288C_01_25_22		1
25	23	YLR092W_S288C_01_25_23		1
25	24	YOR067C_S288C_01_25_24		1
25	25	YLL014W_S288C_01_25_25		1
25	26	YNL298W_S288C_01_25_26		1
25	27	YLR093C_S288C_01_25_27		1
25	28	YOR068C_S288C_01_25_28		1
25	29	YLL015W_S288C_01_25_29		1
25	30	YNL086W_S288C_01_25_30		1
25	31	YLR094C_S288C_01_25_31		1
25	32	YOR069W_S288C_01_25_32		1
25	33	YLL016W_S288C_01_25_33		1
25	34	YNL297C_S288C_01_25_34		1
25	35	YLR095C_S288C_01_25_35		1
25	36	YOR070C_S288C_01_25_36		1
25	37	YLL017W_S288C_01_25_37		1
25	38	YNL295W_S288C_01_25_38		1
25	39	YLR096W_S288C_01_25_39		1
25	40	YOR071C_S288C_01_25_40		1
25	41	YLL019C_S288C_01_25_41		1
25	42	YNL294C_S288C_01_25_42		1
25	43	YLR097C_S288C_01_25_43		1
25	44	YOR072W_S288C_01_25_44		1
25	45	YLL020C_S288C_01_25_45		1
25	46	YNL293W_S288C_01_25_46		1
25	47	YLR098C_S288C_01_25_47		1
25	48	YOR073W_S288C_01_25_48		1
26	1	YPL129W_S288C_01_26_01		1
26	2	YGR125W_S288C_01_26_02		1
26	3	YBR255W_S288C_01_26_03		1
26	4	YHL019C_S288C_01_26_04		1
26	5	YPL127C_S288C_01_26_05		1
26	6	YGR126W_S288C_01_26_06		1
26	7	YBR258C_S288C_01_26_07		1
26	8	YHL017W_S288C_01_26_08		1
26	9	YPL125W_S288C_01_26_09		1
26	10	YGR127W_S288C_01_26_10		1
26	11	YBR259W_S288C_01_26_11		1
26	12	YHL016C_S288C_01_26_12		1
26	13	YPL123C_S288C_01_26_13		1
26	14	YGR129W_S288C_01_26_14		1
26	15	YBR260C_S288C_01_26_15		1
26	16	YHL014C_S288C_01_26_16		1
26	17	YPL121C_S288C_01_26_17		1
26	18	YGR130C_S288C_01_26_18		1
26	19	YBR261C_S288C_01_26_19		1
26	20	YHL013C_S288C_01_26_20		1
26	21	YPL120W_S288C_01_26_21		1
26	22	YGR131W_S288C_01_26_22		1
26	23	YBR262C_S288C_01_26_23		1
26	24	YHL012W_S288C_01_26_24		1
26	25	YPL119C_S288C_01_26_25		1
26	26	YGR132C_S288C_01_26_26		1
26	27	YBR263W_S288C_01_26_27		1
26	28	YHL010C_S288C_01_26_28		1
26	29	YPL118W_S288C_01_26_29		1
26	30	YGR133W_S288C_01_26_30		1
26	31	YBR264C_S288C_01_26_31		1
26	32	YHL009C_S288C_01_26_32		1
26	33	YPL116W_S288C_01_26_33		1
26	34	YGR135W_S288C_01_26_34		1
26	35	YBR266C_S288C_01_26_35		1
26	36	YHL008C_S288C_01_26_36		1
26	37	YPL115C_S288C_01_26_37		1
26	38	YGR136W_S288C_01_26_38		1
26	39	YBR267W_S288C_01_26_39		1
26	40	YHL007C_S288C_01_26_40		1
26	41	YPL114W_S288C_01_26_41		1
26	42	YGR137W_S288C_01_26_42		1
26	43	YBR268W_S288C_01_26_43		1
26	44	YHL006C_S288C_01_26_44		1
26	45	YPL113C_S288C_01_26_45		1
26	46	YGR138C_S288C_01_26_46		1
26	47	YDR049W_S288C_01_26_47		1
26	48	YHL005C_S288C_01_26_48		1
27	1	YMR010W_S288C_01_27_01		1
27	2	YOR378W_S288C_01_27_02		1
27	3	YMR223W_S288C_01_27_03		1
27	4	YPL257W_S288C_01_27_04		1
27	5	YMR011W_S288C_01_27_05		1
27	6	YOR380W_S288C_01_27_06		1
27	7	YMR224C_S288C_01_27_07		1
27	8	YPL256C_S288C_01_27_08		1
27	9	YMR012W_S288C_01_27_09		1
27	10	YOR381W_S288C_01_27_10		1
27	11	YMR225C_S288C_01_27_11		1
27	12	YPL254W_S288C_01_27_12		1
27	13	YMR014W_S288C_01_27_13		1
27	14	YOR382W_S288C_01_27_14		1
27	15	YMR226C_S288C_01_27_15		1
27	16	YPL253C_S288C_01_27_16		1
27	17	YMR015C_S288C_01_27_17		1
27	18	YOR383C_S288C_01_27_18		1
27	19	YMR228W_S288C_01_27_19		1
27	20	YPL250C_S288C_01_27_20		1
27	21	YMR016C_S288C_01_27_21		1
27	22	YOR384W_S288C_01_27_22		1
27	23	YMR230W_S288C_01_27_23		1
27	24	YPL249C_S288C_01_27_24		1
27	25	YMR017W_S288C_01_27_25		1
27	26	YOR385W_S288C_01_27_26		1
27	27	YMR231W_S288C_01_27_27		1
27	28	YPL248C_S288C_01_27_28		1
27	29	YMR018W_S288C_01_27_29		1
27	30	YOR386W_S288C_01_27_30		1
27	31	YMR232W_S288C_01_27_31		1
27	32	YPL247C_S288C_01_27_32		1
27	33	YMR019W_S288C_01_27_33		1
27	34	YOL001W_S288C_01_27_34		1
27	35	YMR233W_S288C_01_27_35		1
27	36	YPL246C_S288C_01_27_36		1
27	37	YMR020W_S288C_01_27_37		1
27	38	YOL002C_S288C_01_27_38		1
27	39	YMR234W_S288C_01_27_39		1
27	40	YPL245W_S288C_01_27_40		1
27	41	YMR021C_S288C_01_27_41		1
27	42	YOL003C_S288C_01_27_42		1
27	43	YMR237W_S288C_01_27_43		1
27	44	YPL244C_S288C_01_27_44		1
27	45	YMR022W_S288C_01_27_45		1
27	46	YOL004W_S288C_01_27_46		1
27	47	YMR238W_S288C_01_27_47		1
27	48	YPL241C_S288C_01_27_48		1
28	1	YDR347W_S288C_01_28_01		1
28	2	YHR147C_S288C_01_28_02		1
28	3	YEL041W_S288C_01_28_03		1
28	4	YCR019W_S288C_01_28_04		1
28	5	YDR348C_S288C_01_28_05		1
28	6	YHR150W_S288C_01_28_06		1
28	7	YEL042W_S288C_01_28_07		1
28	8	YCR020C_S288C_01_28_08		1
28	9	YDR349C_S288C_01_28_09		1
28	10	YHR151C_S288C_01_28_10		1
28	11	YEL043W_S288C_01_28_11		1
28	12	YCR020C-A_S288C_01_28_12		1
28	13	YDR350C_S288C_01_28_13		1
28	14	YHR152W_S288C_01_28_14		1
28	15	YEL045C_S288C_01_28_15		1
28	16	YCR021C_S288C_01_28_16		1
28	17	YDR351W_S288C_01_28_17		1
28	18	YHR153C_S288C_01_28_18		1
28	19	YEL046C_S288C_01_28_19		1
28	20	YCR022C_S288C_01_28_20		1
28	21	YDR352W_S288C_01_28_21		1
28	22	YHR154W_S288C_01_28_22		1
28	23	YEL047C_S288C_01_28_23		1
28	24	YCR023C_S288C_01_28_24		1
28	25	YDR354W_S288C_01_28_25		1
28	26	YHR155W_S288C_01_28_26		1
28	27	YEL048C_S288C_01_28_27		1
28	28	YLR420W_S288C_01_28_28		1
28	29	YDR357C_S288C_01_28_29		1
28	30	YHR156C_S288C_01_28_30		1
28	31	YEL049W_S288C_01_28_31		1
28	32	YLR451W_S288C_01_28_32		1
28	33	YDR358W_S288C_01_28_33		1
28	34	YHR157W_S288C_01_28_34		1
28	35	YEL050C_S288C_01_28_35		1
28	36	YLR126C_S288C_01_28_36		1
28	37	YDR359C_S288C_01_28_37		1
28	38	YHR158C_S288C_01_28_38		1
28	39	YEL051W_S288C_01_28_39		1
28	40	YLR128W_S288C_01_28_40		1
28	41	YDR360W_S288C_01_28_41		1
28	42	YHR159W_S288C_01_28_42		1
28	43	YEL052W_S288C_01_28_43		1
28	44	YLR130C_S288C_01_28_44		1
28	45	YDR363W_S288C_01_28_45		1
28	46	YHR160C_S288C_01_28_46		1
28	47	YEL053C_S288C_01_28_47		1
28	48	YLR131C_S288C_01_28_48		1
29	1	YLL021W_S288C_01_29_01		1
29	2	YNL089C_S288C_01_29_02		1
29	3	YLR099C_S288C_01_29_03		1
29	4	YOR076C_S288C_01_29_04		1
29	5	WT_S288C_01_29_05		1
29	6	WT_S288C_01_29_06		1
29	7	WT_S288C_01_29_07		1
29	8	WT_S288C_01_29_08		1
29	9	YLL023C_S288C_01_29_09		1
29	10	YNL291C_S288C_01_29_10		1
29	11	YLR102C_S288C_01_29_11		1
29	12	YOR078W_S288C_01_29_12		1
29	13	YLL024C_S288C_01_29_13		1
29	14	YNL289W_S288C_01_29_14		1
29	15	YLR104W_S288C_01_29_15		1
29	16	YOR079C_S288C_01_29_16		1
29	17	YLL025W_S288C_01_29_17		1
29	18	YNL288W_S288C_01_29_18		1
29	19	YLR107W_S288C_01_29_19		1
29	20	YOR080W_S288C_01_29_20		1
29	21	YLL026W_S288C_01_29_21		1
29	22	YNL286W_S288C_01_29_22		1
29	23	YLR108C_S288C_01_29_23		1
29	24	YOR081C_S288C_01_29_24		1
29	25	YLL028W_S288C_01_29_25		1
29	26	YNL285W_S288C_01_29_26		1
29	27	YLR109W_S288C_01_29_27		1
29	28	YOR082C_S288C_01_29_28		1
29	29	YLL029W_S288C_01_29_29		1
29	30	YNL283C_S288C_01_29_30		1
29	31	YLR111W_S288C_01_29_31		1
29	32	YOR083W_S288C_01_29_32		1
29	33	YLL032C_S288C_01_29_33		1
29	34	YNL281W_S288C_01_29_34		1
29	35	YLR112W_S288C_01_29_35		1
29	36	YOR084W_S288C_01_29_36		1
29	37	YLL033W_S288C_01_29_37		1
29	38	YNL280C_S288C_01_29_38		1
29	39	YLR113W_S288C_01_29_39		1
29	40	YOR085W_S288C_01_29_40		1
29	41	YLL038C_S288C_01_29_41		1
29	42	YNL278W_S288C_01_29_42		1
29	43	YLR114C_S288C_01_29_43		1
29	44	YOR086C_S288C_01_29_44		1
29	45	YLL039C_S288C_01_29_45		1
29	46	YNL096C_S288C_01_29_46		1
29	47	YLR118C_S288C_01_29_47		1
29	48	YOR087W_S288C_01_29_48		1
30	1	YPL112C_S288C_01_30_01		1
30	2	YGR139W_S288C_01_30_02		1
30	3	YDR050C_S288C_01_30_03		1
30	4	YHL003C_S288C_01_30_04		1
30	5	WT_S288C_01_30_05		1
30	6	WT_S288C_01_30_06		1
30	7	WT_S288C_01_30_07		1
30	8	WT_S288C_01_30_08		1
30	9	YPL111W_S288C_01_30_09		1
30	10	YGR141W_S288C_01_30_10		1
30	11	YDR051C_S288C_01_30_11		1
30	12	YHR001W-A_S288C_01_30_12		1
30	13	YPL110C_S288C_01_30_13		1
30	14	YGR142W_S288C_01_30_14		1
30	15	YDR055W_S288C_01_30_15		1
30	16	YHR011W_S288C_01_30_16		1
30	17	YPL109C_S288C_01_30_17		1
30	18	YGR143W_S288C_01_30_18		1
30	19	YDR056C_S288C_01_30_19		1
30	20	YHR012W_S288C_01_30_20		1
30	21	YPL108W_S288C_01_30_21		1
30	22	YGR144W_S288C_01_30_22		1
30	23	YDR057W_S288C_01_30_23		1
30	24	YHR013C_S288C_01_30_24		1
30	25	YPL107W_S288C_01_30_25		1
30	26	YGR146C_S288C_01_30_26		1
30	27	YDR059C_S288C_01_30_27		1
30	28	YHR014W_S288C_01_30_28		1
30	29	YPL106C_S288C_01_30_29		1
30	30	YGR148C_S288C_01_30_30		1
30	31	YDR061W_S288C_01_30_31		1
30	32	YHR015W_S288C_01_30_32		1
30	33	YPL105C_S288C_01_30_33		1
30	34	YGR149W_S288C_01_30_34		1
30	35	YDR063W_S288C_01_30_35		1
30	36	YHR018C_S288C_01_30_36		1
30	37	YPL104W_S288C_01_30_37		1
30	38	YGR150C_S288C_01_30_38		1
30	39	YDR065W_S288C_01_30_39		1
30	40	YHR022C_S288C_01_30_40		1
30	41	YPL103C_S288C_01_30_41		1
30	42	YGR151C_S288C_01_30_42		1
30	43	YDR066C_S288C_01_30_43		1
30	44	YHR029C_S288C_01_30_44		1
30	45	YPL101W_S288C_01_30_45		1
30	46	YGR152C_S288C_01_30_46		1
30	47	YDR067C_S288C_01_30_47		1
30	48	YHR030C_S288C_01_30_48		1
31	1	YMR023C_S288C_01_31_01		1
31	2	YOL006C_S288C_01_31_02		1
31	3	YMR241W_S288C_01_31_03		1
31	4	YPL240C_S288C_01_31_04		1
31	5	WT_S288C_01_31_05		1
31	6	WT_S288C_01_31_06		1
31	7	WT_S288C_01_31_07		1
31	8	WT_S288C_01_31_08		1
31	9	YMR024W_S288C_01_31_09		1
31	10	YOL007C_S288C_01_31_10		1
31	11	YMR242C_S288C_01_31_11		1
31	12	YPL239W_S288C_01_31_12		1
31	13	YMR025W_S288C_01_31_13		1
31	14	YOL008W_S288C_01_31_14		1
31	15	YMR243C_S288C_01_31_15		1
31	16	YPL236C_S288C_01_31_16		1
31	17	YMR026C_S288C_01_31_17		1
31	18	YOL009C_S288C_01_31_18		1
31	19	YMR244W_S288C_01_31_19		1
31	20	YPL234C_S288C_01_31_20		1
31	21	YMR027W_S288C_01_31_21		1
31	22	YOL011W_S288C_01_31_22		1
31	23	YMR245W_S288C_01_31_23		1
31	24	YPL232W_S288C_01_31_24		1
31	25	YMR029C_S288C_01_31_25		1
31	26	YOL012C_S288C_01_31_26		1
31	27	YMR244C-A_S288C_01_31_27		1
31	28	YPL230W_S288C_01_31_28		1
31	29	YMR030W_S288C_01_31_29		1
31	30	YOL013C_S288C_01_31_30		1
31	31	YMR246W_S288C_01_31_31		1
31	32	YPL229W_S288C_01_31_32		1
31	33	YMR031W-A_S288C_01_31_33		1
31	34	YOL014W_S288C_01_31_34		1
31	35	YMR247C_S288C_01_31_35		1
31	36	YPL227C_S288C_01_31_36		1
31	37	YMR031C_S288C_01_31_37		1
31	38	YOL015W_S288C_01_31_38		1
31	39	YMR250W_S288C_01_31_39		1
31	40	YPL226W_S288C_01_31_40		1
31	41	YMR032W_S288C_01_31_41		1
31	42	YOL017W_S288C_01_31_42		1
31	43	YMR251W_S288C_01_31_43		1
31	44	YPL225W_S288C_01_31_44		1
31	45	YMR034C_S288C_01_31_45		1
31	46	YOL018C_S288C_01_31_46		1
31	47	YMR251W-A_S288C_01_31_47		1
31	48	YPL223C_S288C_01_31_48		1
32	1	YDR364C_S288C_01_32_01		1
32	2	YHR161C_S288C_01_32_02		1
32	3	YEL054C_S288C_01_32_03		1
32	4	YLR133W_S288C_01_32_04		1
32	5	WT_S288C_01_32_05		1
32	6	WT_S288C_01_32_06		1
32	7	WT_S288C_01_32_07		1
32	8	WT_S288C_01_32_08		1
32	9	YDR368W_S288C_01_32_09		1
32	10	YHR163W_S288C_01_32_10		1
32	11	YEL056W_S288C_01_32_11		1
32	12	YLR134W_S288C_01_32_12		1
32	13	YDR369C_S288C_01_32_13		1
32	14	YHR167W_S288C_01_32_14		1
32	15	YEL057C_S288C_01_32_15		1
32	16	YLR135W_S288C_01_32_16		1
32	17	YDR370C_S288C_01_32_17		1
32	18	YHR176W_S288C_01_32_18		1
32	19	YEL059W_S288C_01_32_19		1
32	20	YLR136C_S288C_01_32_20		1
32	21	YDR371W_S288C_01_32_21		1
32	22	YHR177W_S288C_01_32_22		1
32	23	YEL060C_S288C_01_32_23		1
32	24	YLR137W_S288C_01_32_24		1
32	25	YDR372C_S288C_01_32_25		1
32	26	YHR178W_S288C_01_32_26		1
32	27	YEL061C_S288C_01_32_27		1
32	28	YLR138W_S288C_01_32_28		1
32	29	YDR374C_S288C_01_32_29		1
32	30	YHR179W_S288C_01_32_30		1
32	31	YEL062W_S288C_01_32_31		1
32	32	YLR139C_S288C_01_32_32		1
32	33	YDR375C_S288C_01_32_33		1
32	34	YHR182W_S288C_01_32_34		1
32	35	YEL063C_S288C_01_32_35		1
32	36	YLR142W_S288C_01_32_36		1
32	37	YDR377W_S288C_01_32_37		1
32	38	YHR183W_S288C_01_32_38		1
32	39	YEL064C_S288C_01_32_39		1
32	40	YLR143W_S288C_01_32_40		1
32	41	YDR378C_S288C_01_32_41		1
32	42	YHR184W_S288C_01_32_42		1
32	43	YEL065W_S288C_01_32_43		1
32	44	YLR144C_S288C_01_32_44		1
32	45	YDR379W_S288C_01_32_45		1
32	46	YHR189W_S288C_01_32_46		1
32	47	YEL066W_S288C_01_32_47		1
32	48	YMR074C_S288C_01_32_48		1
